v3.0 hex words addressed
0000: 0004 0004 000b 000b 0008 0008 0004 0004 0009 0009 000c 000c 000c 000c 0002 0002
0010: 0003 0003 000b 000b 0002 0002 000c 000c 0009 0009 000c 000c 0002 0002 0008 0008
0020: 0006 0006 0009 0009 000b 000b 000b 000b 000c 000c 0005 0005 000c 000c 0004 0004
0030: 0007 0007 0006 0006 0008 0008 000c 000c 0002 0002 0007 0007 0005 0005 0002 0002
0040: 0001 0001 0007 0007 0005 0005 0004 0004 0005 0005 0008 0008 0003 0003 000a 000a
0050: 0004 0004 0009 0009 0006 0006 0004 0004 0002 0002 0006 0006 0003 0003 0002 0002
0060: 0006 0006 0008 0008 0008 0008 0006 0006 0007 0007 0001 0001 0003 0003 0008 0008
0070: 0005 0005 000a 000a 000b 000b 0007 0007 0009 0009 0009 0009 0001 0001 000a 000a
0080: 0005 0005 000a 000a 000c 000c 0004 0004 0006 0006 000a 000a 000c 000c 0008 0008
0090: 0005 0005 0003 0003 000b 000b 000c 000c 0009 0009 0007 0007 000c 000c 0000 0000
00a0: 0002 0002 000b 000b 000c 000c 0005 0005 0009 0009 0008 0008 0005 0005 0002 0002
00b0: 000c 000c 0004 0004 000a 000a 000a 000a 0003 0003 000c 000c 0004 0004 0008 0008
00c0: 000a 000a 0008 0008 0009 0009 0005 0005 0009 0009 000b 000b 0003 0003 0003 0003
00d0: 0007 0007 0009 0009 0005 0005 000a 000a 0006 0006 0005 0005 0003 0003 000b 000b
00e0: 0003 0003 0000 0000 000a 000a 0006 0006 0004 0004 0001 0001 000b 000b 0001 0001
00f0: 0003 0003 0007 0007 0006 0006 0006 0006 0005 0005 0009 0009 0004 0004 000a 000a
0100: 0004 0004 0001 0001 0008 0008 0008 0008 0006 0006 000b 000b 0003 0003 0002 0002
0110: 0008 0008 000a 000a 0008 0008 0009 0009 0000 0000 0001 0001 0008 0008 0008 0008
0120: 0008 0008 0003 0003 0005 0005 0008 0008 0009 0009 0006 0006 0005 0005 0009 0009
0130: 0000 0000 0005 0005 0003 0003 000c 000c 0006 0006 000a 000a 000c 000c 000b 000b
0140: 0007 0007 0004 0004 0005 0005 000a 000a 0008 0008 000b 000b 0005 0005 0009 0009
0150: 0007 0007 0002 0002 0002 0002 0001 0001 0003 0003 0000 0000 0007 0007 0005 0005
0160: 0003 0003 000a 000a 000a 000a 0004 0004 0000 0000 0005 0005 000a 000a 0004 0004
0170: 000c 000c 0009 0009 0004 0004 000c 000c 0000 0000 0008 0008 0001 0001 0002 0002
0180: 0006 0006 0009 0009 0005 0005 0002 0002 0004 0004 0003 0003 000a 000a 0002 0002
0190: 0009 0009 000a 000a 0003 0003 0009 0009 0002 0002 0004 0004 000a 000a 000a 000a
01a0: 0008 0008 0009 0009 0009 0009 000b 000b 000c 000c 0009 0009 0004 0004 000b 000b
01b0: 0007 0007 000a 000a 000b 000b 0009 0009 0000 0000 0007 0007 0008 0008 0001 0001
01c0: 0007 0007 000c 000c 0007 0007 0001 0001 0006 0006 0002 0002 0008 0008 0005 0005
01d0: 0007 0007 0006 0006 0009 0009 000b 000b 0008 0008 000b 000b 0005 0005 0006 0006
01e0: 0001 0001 0006 0006 000a 000a 0003 0003 0006 0006 0008 0008 0009 0009 000a 000a
01f0: 0002 0002 0000 0000 000a 000a 0003 0003 0005 0005 000a 000a 000b 000b 0003 0003
0200: 0006 0006 0008 0008 000c 000c 000a 000a 0009 0009 0005 0005 0006 0006 0008 0008
0210: 0008 0008 0001 0001 0004 0004 0003 0003 0002 0002 0003 0003 0009 0009 0004 0004
0220: 0007 0007 0002 0002 0008 0008 0003 0003 0006 0006 0008 0008 0005 0005 000b 000b
0230: 000b 000b 0009 0009 0001 0001 0009 0009 0007 0007 0000 0000 0003 0003 0005 0005
0240: 0000 0000 0001 0001 0001 0001 0003 0003 0004 0004 0004 0004 0000 0000 0001 0001
0250: 0002 0002 0001 0001 0003 0003 000c 000c 0006 0006 0008 0008 0002 0002 0004 0004
0260: 0009 0009 000b 000b 000c 000c 0008 0008 0008 0008 000a 000a 0007 0007 000c 000c
0270: 0009 0009 0000 0000 0009 0009 000a 000a 000a 000a 0004 0004 0003 0003 0000 0000
0280: 0005 0005 0009 0009 0004 0004 0004 0004 0003 0003 0002 0002 000b 000b 0003 0003
0290: 0005 0005 0002 0002 000a 000a 000c 000c 0001 0001 0005 0005 0004 0004 0005 0005
02a0: 0008 0008 0004 0004 0005 0005 0001 0001 000b 000b 0000 0000 0008 0008 0008 0008
02b0: 000b 000b 0005 0005 0009 0009 000c 000c 0005 0005 0005 0005 0006 0006 0005 0005
02c0: 0009 0009 0008 0008 0003 0003 0005 0005 0000 0000 0005 0005 0003 0003 0009 0009
02d0: 0004 0004 0003 0003 000b 000b 0006 0006 0005 0005 000c 000c 0004 0004 000c 000c
02e0: 0007 0007 000c 000c 0005 0005 0007 0007 0000 0000 0008 0008 0007 0007 0002 0002
02f0: 0005 0005 0001 0001 0007 0007 0008 0008 0002 0002 0004 0004 0003 0003 0007 0007
0300: 000c 000c 0009 0009 0004 0004 0001 0001 0006 0006 0009 0009 000a 000a 0005 0005
0310: 000c 000c 000a 000a 0001 0001 000b 000b 0003 0003 0008 0008 0000 0000 0008 0008
0320: 0001 0001 0007 0007 000c 000c 0006 0006 0009 0009 0004 0004 0000 0000 0007 0007
0330: 0002 0002 0004 0004 000b 000b 0002 0002 0000 0000 0004 0004 000c 000c 0003 0003
0340: 0004 0004 0004 0004 000c 000c 0000 0000 0002 0002 0001 0001 000a 000a 0001 0001
0350: 000a 000a 0001 0001 000a 000a 0000 0000 0004 0004 0008 0008 0004 0004 000c 000c
0360: 0004 0004 0005 0005 0003 0003 000a 000a 0000 0000 0006 0006 0009 0009 0003 0003
0370: 0008 0008 0006 0006 0005 0005 000c 000c 0007 0007 0000 0000 0008 0008 000b 000b
0380: 000c 000c 000c 000c 000a 000a 000c 000c 0009 0009 0007 0007 0006 0006 000c 000c
0390: 000c 000c 0005 0005 000b 000b 0000 0000 0006 0006 000c 000c 0009 0009 0007 0007
03a0: 0002 0002 0005 0005 000b 000b 0005 0005 0004 0004 0004 0004 0009 0009 0008 0008
03b0: 000b 000b 0000 0000 0009 0009 0009 0009 0002 0002 0004 0004 000a 000a 0004 0004
03c0: 000a 000a 0004 0004 0002 0002 0001 0001 0006 0006 0001 0001 0009 0009 0001 0001
03d0: 000a 000a 0001 0001 000b 000b 0006 0006 0001 0001 0006 0006 0000 0000 0005 0005
03e0: 000b 000b 0004 0004 0006 0006 0004 0004 0009 0009 000b 000b 000b 000b 0002 0002
03f0: 0007 0007 0003 0003 000c 000c 0002 0002 0004 0004 000c 000c 0008 0008 0002 0002
0400: 0000 0000 0003 0003 000b 000b 0009 0009 0002 0002 0003 0003 0004 0004 0002 0002
0410: 0009 0009 0005 0005 0007 0007 0006 0006 0005 0005 000c 000c 0002 0002 0001 0001
0420: 0008 0008 0006 0006 0005 0005 0004 0004 0000 0000 000b 000b 0006 0006 000c 000c
0430: 000b 000b 0004 0004 0001 0001 0001 0001 0000 0000 0004 0004 0003 0003 0005 0005
0440: 0001 0001 0006 0006 000a 000a 0009 0009 000a 000a 0000 0000 000b 000b 0004 0004
0450: 0005 0005 0008 0008 000c 000c 000b 000b 0009 0009 0005 0005 000b 000b 0002 0002
0460: 0008 0008 0006 0006 0004 0004 0003 0003 0005 0005 0000 0000 000a 000a 0008 0008
0470: 0003 0003 0006 0006 0002 0002 0004 0004 0002 0002 000a 000a 0005 0005 0004 0004
0480: 0000 0000 0000 0000 0008 0008 0005 0005 000c 000c 000a 000a 000b 000b 000c 000c
0490: 000b 000b 0000 0000 0002 0002 000a 000a 0000 0000 000c 000c 0004 0004 0002 0002
04a0: 0007 0007 0009 0009 0009 0009 000a 000a 0008 0008 0002 0002 000b 000b 0009 0009
04b0: 000c 000c 0003 0003 0004 0004 000c 000c 0002 0002 0005 0005 0007 0007 0008 0008
04c0: 000a 000a 000b 000b 000c 000c 0007 0007 0000 0000 000c 000c 000a 000a 0008 0008
04d0: 0005 0005 0003 0003 000a 000a 000c 000c 0005 0005 0006 0006 0004 0004 0000 0000
04e0: 0005 0005 0000 0000 0003 0003 000c 000c 000b 000b 0003 0003 000b 000b 0007 0007
04f0: 0001 0001 000c 000c 0009 0009 0001 0001 000a 000a 0001 0001 0007 0007 0006 0006
0500: 0006 0006 0007 0007 0003 0003 0001 0001 0003 0003 0001 0001 0003 0003 0007 0007
0510: 0004 0004 0000 0000 0001 0001 000a 000a 0005 0005 0009 0009 0006 0006 0007 0007
0520: 0004 0004 000b 000b 0004 0004 0001 0001 0005 0005 0008 0008 0003 0003 0004 0004
0530: 0001 0001 0001 0001 0008 0008 000b 000b 0008 0008 000c 000c 0005 0005 0009 0009
0540: 0009 0009 0008 0008 000b 000b 000b 000b 0001 0001 0007 0007 0003 0003 0007 0007
0550: 0003 0003 0000 0000 000a 000a 0008 0008 0000 0000 000b 000b 0009 0009 0007 0007
0560: 0005 0005 0002 0002 000a 000a 0006 0006 0008 0008 0002 0002 0007 0007 0005 0005
0570: 0003 0003 0002 0002 0002 0002 0002 0002 0001 0001 0005 0005 0000 0000 0006 0006
0580: 0005 0005 0007 0007 0007 0007 0009 0009 000c 000c 0006 0006 000a 000a 000a 000a
0590: 0003 0003 0001 0001 0005 0005 0004 0004 0007 0007 000a 000a 0006 0006 000b 000b
05a0: 0008 0008 0002 0002 0008 0008 000b 000b 0005 0005 0003 0003 0003 0003 0004 0004
05b0: 0006 0006 000b 000b 0008 0008 0000 0000 0003 0003 000b 000b 0008 0008 0000 0000
05c0: 0002 0002 0004 0004 0002 0002 0000 0000 0006 0006 0006 0006 0003 0003 0008 0008
05d0: 0002 0002 000b 000b 0001 0001 000c 000c 0005 0005 0000 0000 000b 000b 0004 0004
05e0: 0002 0002 000b 000b 0000 0000 0001 0001 000c 000c 0004 0004 0001 0001 0004 0004
05f0: 0009 0009 0009 0009 0006 0006 0005 0005 0005 0005 0003 0003 0005 0005 0000 0000
0600: 0000 0000 0004 0004 0008 0008 0002 0002 0007 0007 000b 000b 0001 0001 0007 0007
0610: 0004 0004 0003 0003 0005 0005 0001 0001 0005 0005 0002 0002 000a 000a 000c 000c
0620: 000c 000c 0008 0008 0001 0001 0008 0008 000b 000b 0005 0005 0009 0009 0007 0007
0630: 0000 0000 000b 000b 000a 000a 0005 0005 0009 0009 0003 0003 0004 0004 0001 0001
0640: 0009 0009 0006 0006 0003 0003 000a 000a 000c 000c 0009 0009 0004 0004 0003 0003
0650: 0006 0006 0006 0006 0009 0009 0003 0003 0001 0001 0009 0009 000c 000c 000c 000c
0660: 0001 0001 0002 0002 000a 000a 0001 0001 0007 0007 0009 0009 0009 0009 000a 000a
0670: 000b 000b 0004 0004 000a 000a 000c 000c 0005 0005 0006 0006 000b 000b 000c 000c
0680: 0005 0005 0004 0004 0001 0001 0009 0009 0003 0003 0009 0009 0006 0006 0003 0003
0690: 0005 0005 0007 0007 0004 0004 0007 0007 000c 000c 0004 0004 0004 0004 0007 0007
06a0: 0003 0003 000c 000c 000c 000c 0002 0002 000b 000b 000c 000c 0006 0006 0006 0006
06b0: 000b 000b 0000 0000 0003 0003 0001 0001 000a 000a 0000 0000 0008 0008 0001 0001
06c0: 0001 0001 000c 000c 0003 0003 000a 000a 0003 0003 0006 0006 000b 000b 0003 0003
06d0: 000a 000a 000a 000a 0003 0003 000c 000c 000b 000b 000a 000a 0001 0001 0004 0004
06e0: 0008 0008 000b 000b 0006 0006 0003 0003 0009 0009 000c 000c 0006 0006 0009 0009
06f0: 0008 0008 0000 0000 0003 0003 0002 0002 0000 0000 0001 0001 0002 0002 0005 0005
0700: 0000 0000 0005 0005 0006 0006 0008 0008 0002 0002 0004 0004 0003 0003 0004 0004
0710: 0004 0004 0000 0000 0004 0004 0003 0003 000c 000c 0008 0008 0001 0001 0003 0003
0720: 0009 0009 0005 0005 0001 0001 000a 000a 0003 0003 0008 0008 0007 0007 000a 000a
0730: 0004 0004 0004 0004 0007 0007 0004 0004 000b 000b 000a 000a 0008 0008 000c 000c
0740: 0003 0003 0009 0009 000a 000a 0006 0006 0006 0006 0005 0005 0002 0002 000c 000c
0750: 0004 0004 0008 0008 0006 0006 000a 000a 000b 000b 0003 0003 000a 000a 0000 0000
0760: 0006 0006 0001 0001 0002 0002 0009 0009 000b 000b 0003 0003 0001 0001 0009 0009
0770: 0004 0004 000b 000b 000c 000c 0008 0008 0004 0004 0000 0000 0005 0005 0009 0009
0780: 0008 0008 0006 0006 0001 0001 0006 0006 0006 0006 0009 0009 0007 0007 0000 0000
0790: 000b 000b 0000 0000 000a 000a 0006 0006 000a 000a 0005 0005 0002 0002 0002 0002
07a0: 000b 000b 0006 0006 000b 000b 0005 0005 0005 0005 000b 000b 0000 0000 000a 000a
07b0: 0009 0009 0007 0007 0009 0009 000b 000b 000b 000b 0006 0006 0008 0008 0000 0000
07c0: 000a 000a 0006 0006 0009 0009 0008 0008 0003 0003 000b 000b 0004 0004 0009 0009
07d0: 0006 0006 0006 0006 000b 000b 0002 0002 000c 000c 000a 000a 0009 0009 0007 0007
07e0: 0006 0006 0007 0007 0004 0004 0002 0002 0007 0007 0009 0009 000c 000c 0004 0004
07f0: 0008 0008 0007 0007 000a 000a 0003 0003 000c 000c 0008 0008 0008 0008 0005 0005
0800: 0005 0005 000a 000a 0002 0002 0009 0009 0006 0006 0009 0009 0000 0000 0007 0007
0810: 0001 0001 0009 0009 000c 000c 000b 000b 000c 000c 0002 0002 0005 0005 0009 0009
0820: 000a 000a 0007 0007 000b 000b 0003 0003 0008 0008 000a 000a 0000 0000 0007 0007
0830: 0009 0009 0008 0008 0008 0008 0002 0002 0007 0007 0006 0006 000b 000b 0001 0001
0840: 0006 0006 0009 0009 000a 000a 0000 0000 000b 000b 0005 0005 0001 0001 0002 0002
0850: 000a 000a 0002 0002 0006 0006 000a 000a 0004 0004 0001 0001 0009 0009 0005 0005
0860: 0004 0004 0004 0004 0004 0004 000a 000a 0006 0006 000a 000a 000b 000b 000a 000a
0870: 000a 000a 000a 000a 000b 000b 0000 0000 000b 000b 000b 000b 0008 0008 000b 000b
0880: 000b 000b 000a 000a 0004 0004 0007 0007 0008 0008 0006 0006 0003 0003 0004 0004
0890: 000b 000b 0007 0007 000a 000a 0009 0009 000a 000a 0002 0002 0004 0004 0005 0005
08a0: 0000 0000 0004 0004 0008 0008 0009 0009 0003 0003 0000 0000 0007 0007 0009 0009
08b0: 000b 000b 0000 0000 000c 000c 000b 000b 0002 0002 0000 0000 0001 0001 0008 0008
08c0: 0002 0002 0009 0009 0005 0005 0001 0001 0009 0009 0001 0001 000b 000b 000b 000b
08d0: 000c 000c 0003 0003 0000 0000 0008 0008 000c 000c 0007 0007 0008 0008 0001 0001
08e0: 000a 000a 0002 0002 0006 0006 0000 0000 000a 000a 0006 0006 0002 0002 0003 0003
08f0: 0001 0001 0007 0007 000c 000c 0005 0005 0004 0004 0008 0008 000c 000c 0000 0000
0900: 0004 0004 0004 0004 000c 000c 000b 000b 000b 000b 0005 0005 0006 0006 0000 0000
0910: 0002 0002 000a 000a 0002 0002 0000 0000 0006 0006 0009 0009 0003 0003 000a 000a
0920: 0001 0001 0005 0005 0000 0000 0006 0006 000a 000a 0007 0007 0003 0003 0003 0003
0930: 000b 000b 0009 0009 0004 0004 0006 0006 000c 000c 0006 0006 0007 0007 0001 0001
0940: 0007 0007 0000 0000 0001 0001 0009 0009 0003 0003 000c 000c 0002 0002 0000 0000
0950: 0003 0003 0007 0007 0000 0000 0003 0003 0003 0003 0008 0008 0002 0002 000c 000c
0960: 0008 0008 000a 000a 000c 000c 0008 0008 0007 0007 0005 0005 0007 0007 0008 0008
0970: 000a 000a 0005 0005 0001 0001 0006 0006 0005 0005 0009 0009 0009 0009 0004 0004
0980: 0005 0005 0005 0005 0000 0000 0002 0002 0000 0000 000a 000a 0008 0008 0005 0005
0990: 0001 0001 0009 0009 0007 0007 0008 0008 0009 0009 0000 0000 0000 0000 0009 0009
09a0: 0004 0004 0003 0003 0005 0005 0003 0003 000a 000a 0007 0007 0000 0000 0000 0000
09b0: 0008 0008 000c 000c 0003 0003 0008 0008 0009 0009 0001 0001 0006 0006 0006 0006
09c0: 000a 000a 000b 000b 0002 0002 000a 000a 0001 0001 0008 0008 000c 000c 0008 0008
09d0: 000b 000b 0008 0008 0001 0001 000a 000a 000b 000b 0002 0002 0002 0002 0007 0007
09e0: 000b 000b 0006 0006 0002 0002 000c 000c 0005 0005 0005 0005 0001 0001 0003 0003
09f0: 0006 0006 0001 0001 0009 0009 0003 0003 0007 0007 000a 000a 0003 0003 0002 0002
0a00: 000a 000a 000a 000a 0005 0005 0004 0004 0006 0006 0002 0002 0002 0002 0000 0000
0a10: 000a 000a 000a 000a 0002 0002 0007 0007 0003 0003 0002 0002 0009 0009 0009 0009
0a20: 0005 0005 000c 000c 0009 0009 000b 000b 0009 0009 000c 000c 0007 0007 000a 000a
0a30: 0001 0001 0000 0000 0009 0009 0001 0001 000b 000b 0002 0002 000b 000b 000b 000b
0a40: 0001 0001 0005 0005 000a 000a 0009 0009 0006 0006 000a 000a 000b 000b 000b 000b
0a50: 0006 0006 000b 000b 0004 0004 0003 0003 0007 0007 0008 0008 0008 0008 0008 0008
0a60: 0007 0007 0001 0001 0003 0003 0007 0007 000b 000b 0006 0006 0004 0004 0001 0001
0a70: 0005 0005 0001 0001 0007 0007 0003 0003 0004 0004 0004 0004 0001 0001 0009 0009
0a80: 0004 0004 000c 000c 0009 0009 0000 0000 000b 000b 000b 000b 0009 0009 0009 0009
0a90: 0002 0002 0001 0001 0001 0001 0003 0003 0007 0007 0004 0004 0009 0009 0005 0005
0aa0: 0002 0002 0004 0004 0005 0005 0002 0002 0009 0009 0001 0001 0007 0007 0009 0009
0ab0: 0002 0002 0007 0007 000c 000c 000a 000a 0001 0001 0009 0009 0005 0005 0000 0000
0ac0: 000c 000c 0006 0006 000c 000c 0008 0008 0009 0009 0000 0000 000a 000a 0004 0004
0ad0: 0000 0000 0000 0000 000b 000b 0001 0001 0001 0001 000c 000c 0007 0007 000b 000b
0ae0: 0001 0001 0003 0003 000c 000c 0009 0009 000c 000c 0001 0001 0006 0006 0006 0006
0af0: 0002 0002 0002 0002 000c 000c 0003 0003 000b 000b 0002 0002 0003 0003 0003 0003
0b00: 0006 0006 0001 0001 0000 0000 0000 0000 0004 0004 0001 0001 0008 0008 0008 0008
0b10: 0006 0006 000b 000b 0009 0009 000c 000c 0006 0006 000b 000b 0008 0008 0007 0007
0b20: 0000 0000 0003 0003 0001 0001 0009 0009 0007 0007 0007 0007 0000 0000 0009 0009
0b30: 0004 0004 0006 0006 0008 0008 0000 0000 000a 000a 0002 0002 0006 0006 000b 000b
0b40: 000c 000c 000c 000c 0008 0008 0002 0002 0000 0000 0004 0004 0006 0006 0008 0008
0b50: 0009 0009 000b 000b 0009 0009 0005 0005 0003 0003 0004 0004 0005 0005 0009 0009
0b60: 0003 0003 0003 0003 0006 0006 0009 0009 0008 0008 0000 0000 0002 0002 0007 0007
0b70: 0006 0006 0009 0009 0005 0005 0009 0009 0009 0009 0002 0002 000a 000a 0004 0004
0b80: 0009 0009 0000 0000 0009 0009 0007 0007 0005 0005 0004 0004 0001 0001 0003 0003
0b90: 0003 0003 0001 0001 000b 000b 0006 0006 000a 000a 0004 0004 0003 0003 0007 0007
0ba0: 000b 000b 0007 0007 0003 0003 0004 0004 0006 0006 0005 0005 0006 0006 000c 000c
0bb0: 000a 000a 0007 0007 0001 0001 0004 0004 0007 0007 000b 000b 0009 0009 000c 000c
0bc0: 0007 0007 0006 0006 0002 0002 0001 0001 000b 000b 0008 0008 0004 0004 0003 0003
0bd0: 0008 0008 0002 0002 0002 0002 0002 0002 000a 000a 000c 000c 0005 0005 000c 000c
0be0: 0006 0006 0004 0004 0003 0003 0007 0007 0009 0009 000a 000a 0007 0007 0002 0002
0bf0: 0006 0006 000b 000b 0001 0001 0000 0000 000b 000b 0003 0003 0000 0000 000c 000c
0c00: 0003 0003 0000 0000 000c 000c 0007 0007 0006 0006 0003 0003 000c 000c 0004 0004
0c10: 000c 000c 0000 0000 0000 0000 000b 000b 0008 0008 0004 0004 0000 0000 0005 0005
0c20: 0000 0000 0008 0008 000b 000b 0007 0007 0001 0001 0000 0000 0004 0004 000b 000b
0c30: 000a 000a 000b 000b 000a 000a 0005 0005 000b 000b 000b 000b 000c 000c 000b 000b
0c40: 0006 0006 0009 0009 0000 0000 0002 0002 0006 0006 0006 0006 0003 0003 0007 0007
0c50: 0001 0001 0002 0002 000c 000c 0008 0008 0004 0004 000b 000b 0009 0009 0004 0004
0c60: 000a 000a 0007 0007 0005 0005 0002 0002 0006 0006 0008 0008 0004 0004 000c 000c
0c70: 0004 0004 0003 0003 0005 0005 000a 000a 000a 000a 0001 0001 0004 0004 0004 0004
0c80: 0009 0009 0005 0005 0003 0003 000b 000b 0006 0006 0000 0000 0006 0006 0003 0003
0c90: 0007 0007 0006 0006 0007 0007 0001 0001 0003 0003 0007 0007 0008 0008 0000 0000
0ca0: 0005 0005 0000 0000 000a 000a 0009 0009 0002 0002 000c 000c 0001 0001 000a 000a
0cb0: 0003 0003 0005 0005 0001 0001 0009 0009 000c 000c 0002 0002 0001 0001 0008 0008
0cc0: 0002 0002 0004 0004 0009 0009 000b 000b 0002 0002 0006 0006 0004 0004 000b 000b
0cd0: 0002 0002 0004 0004 000b 000b 0007 0007 0001 0001 0009 0009 0005 0005 0006 0006
0ce0: 000a 000a 000b 000b 000a 000a 0002 0002 0003 0003 0008 0008 000c 000c 0009 0009
0cf0: 0003 0003 000c 000c 000b 000b 0000 0000 0004 0004 0009 0009 0002 0002 0001 0001
0d00: 0001 0001 000b 000b 0009 0009 0005 0005 000b 000b 000a 000a 0001 0001 0004 0004
0d10: 0005 0005 0007 0007 0002 0002 0007 0007 0005 0005 0001 0001 000a 000a 0002 0002
0d20: 0000 0000 0006 0006 000c 000c 000c 000c 0001 0001 0001 0001 0003 0003 0006 0006
0d30: 000a 000a 0004 0004 0006 0006 000c 000c 0006 0006 0000 0000 0001 0001 000b 000b
0d40: 0001 0001 0006 0006 0002 0002 0004 0004 000c 000c 0008 0008 000c 000c 0002 0002
0d50: 0003 0003 0009 0009 0009 0009 000b 000b 0000 0000 0009 0009 0000 0000 000a 000a
0d60: 0001 0001 0007 0007 0004 0004 000a 000a 000c 000c 0006 0006 0008 0008 0000 0000
0d70: 000a 000a 0009 0009 0001 0001 0003 0003 0002 0002 0009 0009 000a 000a 0009 0009
0d80: 0009 0009 0009 0009 0003 0003 0004 0004 000c 000c 0001 0001 0009 0009 0006 0006
0d90: 0005 0005 0006 0006 000b 000b 0005 0005 000b 000b 0003 0003 0004 0004 0000 0000
0da0: 0003 0003 0001 0001 0004 0004 0009 0009 0007 0007 0003 0003 0003 0003 0000 0000
0db0: 0007 0007 000c 000c 0000 0000 0003 0003 0001 0001 0002 0002 0000 0000 0004 0004
0dc0: 0004 0004 0006 0006 0008 0008 000a 000a 0009 0009 0009 0009 0004 0004 0006 0006
0dd0: 0009 0009 0006 0006 000c 000c 0006 0006 0000 0000 000b 000b 0002 0002 0006 0006
0de0: 000c 000c 0002 0002 0005 0005 000b 000b 0003 0003 0005 0005 0003 0003 0002 0002
0df0: 0006 0006 0009 0009 0009 0009 0006 0006 000c 000c 000a 000a 000a 000a 0000 0000
0e00: 000c 000c 000c 000c 0004 0004 0004 0004 0005 0005 0000 0000 0007 0007 0008 0008
0e10: 000c 000c 0002 0002 0004 0004 0000 0000 0001 0001 000b 000b 0000 0000 0003 0003
0e20: 000c 000c 0003 0003 0009 0009 0003 0003 0007 0007 0001 0001 0003 0003 000a 000a
0e30: 0006 0006 0005 0005 0000 0000 0009 0009 0005 0005 0007 0007 0005 0005 0000 0000
0e40: 0008 0008 0005 0005 0007 0007 0001 0001 000c 000c 000b 000b 0001 0001 000c 000c
0e50: 0004 0004 0008 0008 0003 0003 000b 000b 000a 000a 000a 000a 0009 0009 0001 0001
0e60: 0004 0004 0005 0005 0001 0001 0008 0008 0002 0002 0008 0008 0004 0004 0004 0004
0e70: 000b 000b 0001 0001 0004 0004 000a 000a 0007 0007 0008 0008 000c 000c 0004 0004
0e80: 0002 0002 0008 0008 0001 0001 0009 0009 0008 0008 000a 000a 0001 0001 000a 000a
0e90: 0006 0006 0003 0003 0004 0004 0006 0006 000b 000b 0003 0003 000a 000a 000c 000c
0ea0: 0002 0002 0001 0001 0000 0000 0004 0004 0004 0004 0004 0004 0001 0001 0007 0007
0eb0: 0003 0003 0006 0006 0000 0000 000b 000b 0003 0003 0008 0008 0005 0005 000b 000b
0ec0: 000b 000b 0002 0002 000b 000b 0002 0002 0000 0000 000a 000a 0004 0004 0004 0004
0ed0: 0002 0002 0004 0004 0003 0003 0002 0002 000b 000b 0001 0001 0006 0006 000c 000c
0ee0: 0009 0009 0007 0007 0002 0002 000a 000a 000c 000c 000c 000c 000b 000b 0001 0001
0ef0: 0000 0000 0003 0003 0000 0000 0001 0001 0005 0005 0007 0007 0004 0004 0002 0002
0f00: 0008 0008 000a 000a 0007 0007 0009 0009 000b 000b 000a 000a 0002 0002 0007 0007
0f10: 0007 0007 000c 000c 0007 0007 000c 000c 000b 000b 0000 0000 0009 0009 0000 0000
0f20: 0002 0002 0000 0000 000b 000b 0007 0007 0007 0007 000a 000a 0006 0006 000b 000b
0f30: 0009 0009 0005 0005 0006 0006 0008 0008 0002 0002 000a 000a 000c 000c 0005 0005
0f40: 0007 0007 0001 0001 0003 0003 0008 0008 0007 0007 0001 0001 0005 0005 000c 000c
0f50: 000a 000a 000c 000c 0000 0000 0000 0000 0000 0000 0005 0005 0006 0006 000b 000b
0f60: 000b 000b 0006 0006 0002 0002 0007 0007 0006 0006 0006 0006 0003 0003 000a 000a
0f70: 000a 000a 000a 000a 0009 0009 000b 000b 0000 0000 0000 0000 0000 0000 0002 0002
0f80: 0002 0002 0003 0003 0004 0004 0005 0005 000b 000b 0003 0003 0001 0001 0000 0000
0f90: 0002 0002 0000 0000 0004 0004 0006 0006 000c 000c 0003 0003 000b 000b 0004 0004
0fa0: 0007 0007 0007 0007 000a 000a 0003 0003 0006 0006 000b 000b 0009 0009 0001 0001
0fb0: 0006 0006 0008 0008 0006 0006 0007 0007 0005 0005 0005 0005 0006 0006 0004 0004
0fc0: 0008 0008 0006 0006 0000 0000 000c 000c 000b 000b 000c 000c 000c 000c 0004 0004
0fd0: 0007 0007 0003 0003 0001 0001 0004 0004 0000 0000 0006 0006 0006 0006 0005 0005
0fe0: 0000 0000 000c 000c 0007 0007 0008 0008 0007 0007 0006 0006 0008 0008 0005 0005
0ff0: 0002 0002 000c 000c 0004 0004 000b 000b 000b 000b 0005 0005 000b 000b 0002 0002
1000: 0005 0005 0008 0008 0001 0001 000c 000c 0002 0002 0006 0006 0000 0000 0007 0007
1010: 0005 0005 0001 0001 0003 0003 0002 0002 000c 000c 000c 000c 0003 0003 0007 0007
1020: 0007 0007 0002 0002 0008 0008 0001 0001 0000 0000 0007 0007 000b 000b 0000 0000
1030: 0003 0003 0003 0003 0000 0000 0001 0001 0000 0000 0009 0009 0002 0002 0004 0004
1040: 0002 0002 0006 0006 0001 0001 0003 0003 0009 0009 000b 000b 0009 0009 000a 000a
1050: 0001 0001 0002 0002 0000 0000 0009 0009 000a 000a 0004 0004 000c 000c 0009 0009
1060: 0000 0000 0001 0001 0007 0007 0009 0009 000a 000a 0006 0006 000a 000a 0001 0001
1070: 0007 0007 0003 0003 000c 000c 0000 0000 0004 0004 0007 0007 0007 0007 0008 0008
1080: 0002 0002 0002 0002 0003 0003 0008 0008 000b 000b 0009 0009 0004 0004 0007 0007
1090: 0009 0009 0000 0000 0009 0009 0005 0005 0005 0005 0003 0003 0008 0008 0001 0001
10a0: 0007 0007 0009 0009 0003 0003 0003 0003 0005 0005 0004 0004 0005 0005 0000 0000
10b0: 0001 0001 0001 0001 000a 000a 0006 0006 0009 0009 0000 0000 000b 000b 0004 0004
10c0: 0009 0009 0002 0002 0004 0004 0009 0009 0001 0001 000c 000c 0000 0000 0004 0004
10d0: 000a 000a 0001 0001 0006 0006 0004 0004 0001 0001 0006 0006 0005 0005 0009 0009
10e0: 0009 0009 000c 000c 0004 0004 000b 000b 0004 0004 000b 000b 000a 000a 000a 000a
10f0: 0002 0002 0006 0006 0004 0004 0003 0003 000c 000c 0006 0006 0005 0005 0000 0000
1100: 0008 0008 0000 0000 0001 0001 0008 0008 0007 0007 0009 0009 0003 0003 0008 0008
1110: 0005 0005 0007 0007 0002 0002 0000 0000 0004 0004 0007 0007 0002 0002 0003 0003
1120: 0000 0000 000b 000b 0003 0003 0001 0001 0000 0000 0001 0001 000c 000c 000a 000a
1130: 0002 0002 0005 0005 0003 0003 000b 000b 0001 0001 000b 000b 000a 000a 000a 000a
1140: 0009 0009 000c 000c 0008 0008 0009 0009 000b 000b 0003 0003 0002 0002 0009 0009
1150: 000b 000b 0001 0001 000b 000b 0005 0005 0000 0000 0004 0004 0008 0008 0008 0008
1160: 0009 0009 0004 0004 000c 000c 0002 0002 0008 0008 0003 0003 0008 0008 0004 0004
1170: 0006 0006 0007 0007 0005 0005 0001 0001 0009 0009 0007 0007 000c 000c 0000 0000
1180: 0005 0005 0001 0001 0001 0001 0009 0009 0008 0008 0003 0003 0007 0007 0008 0008
1190: 000b 000b 0003 0003 0001 0001 000a 000a 0005 0005 0001 0001 0008 0008 0000 0000
11a0: 0001 0001 000b 000b 0004 0004 0004 0004 000a 000a 0001 0001 0003 0003 000c 000c
11b0: 000a 000a 0002 0002 000c 000c 0001 0001 0009 0009 0002 0002 000b 000b 000c 000c
11c0: 0003 0003 0005 0005 0006 0006 0006 0006 000c 000c 0004 0004 000a 000a 0001 0001
11d0: 0001 0001 0007 0007 000c 000c 0008 0008 0008 0008 0007 0007 0006 0006 0009 0009
11e0: 0004 0004 0006 0006 0001 0001 000a 000a 0000 0000 0003 0003 0005 0005 0001 0001
11f0: 000a 000a 0009 0009 000b 000b 0006 0006 0004 0004 0004 0004 0002 0002 0006 0006
1200: 0001 0001 0003 0003 0009 0009 0001 0001 0009 0009 0002 0002 0000 0000 0003 0003
1210: 0001 0001 0005 0005 0000 0000 000b 000b 000c 000c 0007 0007 0009 0009 0003 0003
1220: 0005 0005 0002 0002 0006 0006 0003 0003 0006 0006 0009 0009 000b 000b 0001 0001
1230: 000c 000c 0008 0008 0005 0005 000c 000c 0007 0007 0004 0004 0005 0005 0008 0008
1240: 0003 0003 000b 000b 0005 0005 0003 0003 0006 0006 0006 0006 0008 0008 000c 000c
1250: 000a 000a 0000 0000 000c 000c 000c 000c 0002 0002 0007 0007 0006 0006 0003 0003
1260: 0003 0003 0004 0004 0007 0007 000b 000b 0008 0008 0006 0006 0002 0002 0005 0005
1270: 000a 000a 0002 0002 000a 000a 0008 0008 0003 0003 0007 0007 0007 0007 000c 000c
1280: 000b 000b 0005 0005 000c 000c 0002 0002 0007 0007 0006 0006 0007 0007 0002 0002
1290: 0004 0004 0001 0001 0006 0006 0002 0002 0006 0006 0004 0004 000a 000a 0005 0005
12a0: 000b 000b 0006 0006 0004 0004 0008 0008 0008 0008 0001 0001 0001 0001 0000 0000
12b0: 0009 0009 0004 0004 0006 0006 0000 0000 0005 0005 000b 000b 000c 000c 0007 0007
12c0: 0000 0000 000a 000a 0003 0003 000b 000b 000a 000a 0007 0007 000a 000a 0005 0005
12d0: 0006 0006 000a 000a 0004 0004 0005 0005 0007 0007 0008 0008 0005 0005 0007 0007
12e0: 0009 0009 0001 0001 000a 000a 0006 0006 0009 0009 0006 0006 0007 0007 0001 0001
12f0: 0008 0008 0003 0003 0002 0002 0005 0005 0000 0000 0003 0003 0003 0003 0000 0000
1300: 0006 0006 0004 0004 0000 0000 0002 0002 0001 0001 000b 000b 000b 000b 0002 0002
1310: 0001 0001 0009 0009 0001 0001 000a 000a 0002 0002 000c 000c 0005 0005 000a 000a
1320: 0005 0005 000a 000a 000c 000c 0008 0008 0007 0007 0000 0000 0008 0008 0000 0000
1330: 0003 0003 0003 0003 000b 000b 0007 0007 0000 0000 0007 0007 0000 0000 000b 000b
1340: 0009 0009 000c 000c 0008 0008 0003 0003 0000 0000 000a 000a 0005 0005 000b 000b
1350: 000a 000a 0004 0004 0008 0008 000b 000b 0002 0002 0006 0006 0004 0004 0009 0009
1360: 000c 000c 0007 0007 0003 0003 0000 0000 0007 0007 0006 0006 0006 0006 0009 0009
1370: 000c 000c 000c 000c 0000 0000 0006 0006 0007 0007 0009 0009 0006 0006 0003 0003
1380: 0002 0002 0009 0009 0001 0001 000a 000a 0006 0006 0006 0006 000b 000b 000a 000a
1390: 000a 000a 0002 0002 0002 0002 0001 0001 0003 0003 0002 0002 0003 0003 0007 0007
13a0: 0008 0008 0007 0007 000c 000c 000c 000c 0004 0004 0006 0006 0004 0004 0000 0000
13b0: 000a 000a 0009 0009 0002 0002 0002 0002 0005 0005 0002 0002 000c 000c 000a 000a
13c0: 000a 000a 000a 000a 000c 000c 0009 0009 0000 0000 000b 000b 0000 0000 0004 0004
13d0: 0006 0006 000b 000b 0007 0007 0000 0000 0009 0009 000a 000a 0008 0008 0003 0003
13e0: 0003 0003 0002 0002 000b 000b 0002 0002 000b 000b 0002 0002 0005 0005 0003 0003
13f0: 0004 0004 0002 0002 000b 000b 0008 0008 0005 0005 0007 0007 000b 000b 0002 0002
1400: 0003 0003 0008 0008 0006 0006 0002 0002 0006 0006 0004 0004 0005 0005 0001 0001
1410: 000a 000a 0003 0003 0007 0007 000c 000c 0005 0005 000a 000a 0005 0005 000b 000b
1420: 0000 0000 0006 0006 0007 0007 0005 0005 000b 000b 000c 000c 000a 000a 000a 000a
1430: 0004 0004 000b 000b 0000 0000 000b 000b 0004 0004 000c 000c 0005 0005 0005 0005
1440: 0000 0000 0008 0008 0002 0002 0003 0003 0006 0006 000c 000c 0004 0004 0000 0000
1450: 0006 0006 0001 0001 0005 0005 0005 0005 000b 000b 0007 0007 0001 0001 0005 0005
1460: 0001 0001 0005 0005 0003 0003 000b 000b 0001 0001 0000 0000 0002 0002 0002 0002
1470: 0002 0002 0008 0008 0000 0000 0008 0008 0004 0004 0001 0001 0004 0004 0009 0009
1480: 000a 000a 0005 0005 0007 0007 0007 0007 0009 0009 0009 0009 0002 0002 000b 000b
1490: 0007 0007 000b 000b 0008 0008 000a 000a 0000 0000 0003 0003 0008 0008 0007 0007
14a0: 0006 0006 0008 0008 0000 0000 000b 000b 000b 000b 0007 0007 0002 0002 0008 0008
14b0: 0005 0005 0009 0009 0001 0001 0005 0005 0007 0007 0002 0002 0006 0006 0003 0003
14c0: 0000 0000 0004 0004 0006 0006 0008 0008 0007 0007 000c 000c 000a 000a 000c 000c
14d0: 0001 0001 0007 0007 0002 0002 0005 0005 000c 000c 0003 0003 0008 0008 0006 0006
14e0: 0000 0000 0004 0004 000c 000c 0000 0000 000b 000b 000c 000c 0009 0009 000c 000c
14f0: 0006 0006 0006 0006 000c 000c 0008 0008 0007 0007 0000 0000 0005 0005 0009 0009
1500: 000c 000c 0004 0004 000a 000a 0001 0001 0001 0001 0002 0002 0000 0000 000b 000b
1510: 0006 0006 0009 0009 0004 0004 0000 0000 000b 000b 0007 0007 0007 0007 0001 0001
1520: 0007 0007 000c 000c 000c 000c 0004 0004 0001 0001 0001 0001 0001 0001 0006 0006
1530: 0002 0002 0003 0003 0009 0009 0000 0000 000c 000c 0001 0001 000c 000c 0008 0008
1540: 0008 0008 0007 0007 000b 000b 0000 0000 0009 0009 0000 0000 0002 0002 0007 0007
1550: 0003 0003 000a 000a 0006 0006 0002 0002 0007 0007 0002 0002 000a 000a 0008 0008
1560: 0005 0005 0000 0000 0002 0002 0007 0007 0006 0006 0004 0004 0006 0006 0004 0004
1570: 0004 0004 0002 0002 0002 0002 000b 000b 0009 0009 000a 000a 0004 0004 0006 0006
1580: 000a 000a 0009 0009 000b 000b 0006 0006 0004 0004 0008 0008 0003 0003 0000 0000
1590: 0007 0007 0005 0005 0006 0006 0009 0009 000b 000b 0006 0006 0007 0007 0007 0007
15a0: 0007 0007 0008 0008 0002 0002 000b 000b 0005 0005 000c 000c 000c 000c 000c 000c
15b0: 0008 0008 0006 0006 0001 0001 0008 0008 000b 000b 0008 0008 0005 0005 000a 000a
15c0: 0007 0007 000b 000b 000b 000b 0007 0007 0006 0006 0006 0006 0004 0004 0001 0001
15d0: 0007 0007 000a 000a 000c 000c 0009 0009 0008 0008 0004 0004 0004 0004 000b 000b
15e0: 0006 0006 0005 0005 0002 0002 0003 0003 0008 0008 0007 0007 0001 0001 000c 000c
15f0: 0005 0005 0007 0007 000b 000b 0002 0002 000a 000a 0005 0005 0000 0000 0003 0003
1600: 0006 0006 0009 0009 000a 000a 0000 0000 000c 000c 000c 000c 000c 000c 0003 0003
1610: 000c 000c 000b 000b 0009 0009 0008 0008 0006 0006 0006 0006 0002 0002 0006 0006
1620: 0006 0006 000b 000b 000c 000c 0003 0003 0009 0009 0007 0007 0000 0000 0006 0006
1630: 0000 0000 0005 0005 0004 0004 000a 000a 000a 000a 0002 0002 0002 0002 0008 0008
1640: 000a 000a 0006 0006 0001 0001 0003 0003 0001 0001 0006 0006 0006 0006 0003 0003
1650: 0006 0006 0009 0009 0004 0004 000c 000c 0000 0000 0004 0004 0001 0001 0003 0003
1660: 000c 000c 000b 000b 0007 0007 000a 000a 0003 0003 000b 000b 0008 0008 0006 0006
1670: 0005 0005 0004 0004 0000 0000 0006 0006 000b 000b 0005 0005 000a 000a 0006 0006
1680: 0006 0006 0003 0003 0000 0000 000b 000b 0001 0001 0005 0005 000c 000c 0003 0003
1690: 000b 000b 000a 000a 000b 000b 0002 0002 0005 0005 0009 0009 000b 000b 0004 0004
16a0: 0007 0007 0003 0003 0009 0009 0007 0007 0006 0006 000b 000b 000b 000b 0005 0005
16b0: 0006 0006 0006 0006 0002 0002 000a 000a 0001 0001 0007 0007 0001 0001 0004 0004
16c0: 0000 0000 0000 0000 0000 0000 0004 0004 0005 0005 0003 0003 0006 0006 0008 0008
16d0: 0002 0002 0003 0003 0001 0001 0007 0007 0000 0000 000b 000b 000b 000b 000a 000a
16e0: 0005 0005 0003 0003 0006 0006 0008 0008 0000 0000 000a 000a 0003 0003 000c 000c
16f0: 0008 0008 000a 000a 000a 000a 0009 0009 000b 000b 0003 0003 000a 000a 0001 0001
1700: 0003 0003 000b 000b 0002 0002 0004 0004 000c 000c 0007 0007 000a 000a 0003 0003
1710: 000c 000c 0000 0000 000b 000b 000b 000b 0001 0001 0009 0009 0000 0000 0006 0006
1720: 0003 0003 0009 0009 0002 0002 0002 0002 0006 0006 0009 0009 000c 000c 0007 0007
1730: 0002 0002 0004 0004 000c 000c 000b 000b 0000 0000 0008 0008 0007 0007 000a 000a
1740: 0005 0005 000c 000c 000b 000b 000c 000c 0002 0002 0009 0009 000c 000c 0006 0006
1750: 0001 0001 000a 000a 0007 0007 000a 000a 0003 0003 000b 000b 000b 000b 000b 000b
1760: 0005 0005 0003 0003 0001 0001 000c 000c 0005 0005 0009 0009 000a 000a 0004 0004
1770: 000b 000b 0008 0008 0003 0003 000a 000a 000a 000a 0002 0002 0007 0007 000a 000a
1780: 000c 000c 000a 000a 0004 0004 000a 000a 0006 0006 0006 0006 0006 0006 0004 0004
1790: 0007 0007 0004 0004 0009 0009 0003 0003 0000 0000 0008 0008 000a 000a 0004 0004
17a0: 0000 0000 0005 0005 0007 0007 0002 0002 0002 0002 0009 0009 0000 0000 000b 000b
17b0: 0004 0004 0005 0005 0001 0001 000a 000a 0009 0009 0002 0002 0007 0007 0009 0009
17c0: 0009 0009 0004 0004 0009 0009 000c 000c 0000 0000 0005 0005 0009 0009 0005 0005
17d0: 0003 0003 0007 0007 0009 0009 0005 0005 000b 000b 0006 0006 0000 0000 0003 0003
17e0: 0008 0008 000b 000b 0006 0006 0001 0001 0009 0009 0003 0003 0008 0008 0007 0007
17f0: 0004 0004 000c 000c 0004 0004 0009 0009 0004 0004 0005 0005 0006 0006 0007 0007
1800: 000c 000c 0007 0007 0001 0001 000c 000c 000a 000a 0004 0004 000c 000c 000a 000a
1810: 000b 000b 0005 0005 0001 0001 0002 0002 0006 0006 000a 000a 0007 0007 0000 0000
1820: 0007 0007 0007 0007 000b 000b 0003 0003 000c 000c 0009 0009 000c 000c 0006 0006
1830: 0008 0008 000b 000b 0006 0006 000c 000c 0000 0000 0001 0001 0004 0004 0003 0003
1840: 0006 0006 0006 0006 0002 0002 0002 0002 0006 0006 000c 000c 0007 0007 0008 0008
1850: 0008 0008 0007 0007 000a 000a 0002 0002 0001 0001 0009 0009 0001 0001 0009 0009
1860: 0000 0000 0000 0000 0000 0000 0005 0005 0003 0003 0003 0003 000a 000a 000b 000b
1870: 0009 0009 0003 0003 0001 0001 0004 0004 0000 0000 0003 0003 0007 0007 0009 0009
1880: 0007 0007 0007 0007 0004 0004 0003 0003 0001 0001 0001 0001 000b 000b 0007 0007
1890: 0006 0006 0007 0007 000a 000a 0008 0008 000a 000a 0008 0008 0004 0004 0006 0006
18a0: 0002 0002 0000 0000 0000 0000 0005 0005 000b 000b 0009 0009 0007 0007 000b 000b
18b0: 0004 0004 0006 0006 0002 0002 0004 0004 0000 0000 0001 0001 0004 0004 0004 0004
18c0: 0001 0001 0003 0003 0003 0003 000b 000b 000a 000a 0000 0000 0009 0009 0005 0005
18d0: 000c 000c 000b 000b 0003 0003 0008 0008 0000 0000 000c 000c 0009 0009 000b 000b
18e0: 0009 0009 0000 0000 0009 0009 0006 0006 0009 0009 0004 0004 0005 0005 0003 0003
18f0: 0005 0005 0008 0008 0009 0009 0002 0002 000b 000b 0004 0004 0007 0007 0008 0008
1900: 0006 0006 0002 0002 000c 000c 000a 000a 0000 0000 0003 0003 0008 0008 000b 000b
1910: 0005 0005 0006 0006 0005 0005 0002 0002 000c 000c 0006 0006 0004 0004 0007 0007
1920: 000b 000b 000a 000a 000b 000b 0005 0005 0008 0008 0007 0007 0006 0006 0002 0002
1930: 0007 0007 0002 0002 000a 000a 0008 0008 0005 0005 0004 0004 0000 0000 0006 0006
1940: 0003 0003 0005 0005 000c 000c 0009 0009 0000 0000 0007 0007 0002 0002 000b 000b
1950: 0000 0000 0005 0005 0002 0002 0008 0008 000c 000c 0006 0006 0000 0000 0003 0003
1960: 000c 000c 0005 0005 000b 000b 0007 0007 0005 0005 000c 000c 0008 0008 0001 0001
1970: 000b 000b 0000 0000 0003 0003 000b 000b 0006 0006 0009 0009 0009 0009 0008 0008
1980: 0005 0005 0005 0005 0007 0007 000a 000a 0003 0003 0008 0008 0005 0005 0002 0002
1990: 000a 000a 0001 0001 0001 0001 0007 0007 0002 0002 000a 000a 0004 0004 0003 0003
19a0: 0009 0009 0000 0000 0009 0009 0004 0004 0005 0005 0007 0007 000b 000b 000b 000b
19b0: 0002 0002 0002 0002 0007 0007 0007 0007 0007 0007 0004 0004 0007 0007 000a 000a
19c0: 0007 0007 0004 0004 0003 0003 000c 000c 000c 000c 0003 0003 000a 000a 000b 000b
19d0: 0000 0000 000c 000c 0007 0007 0008 0008 0006 0006 000b 000b 0007 0007 000a 000a
19e0: 0007 0007 000a 000a 0002 0002 0009 0009 000a 000a 000b 000b 0008 0008 000b 000b
19f0: 0005 0005 0002 0002 000b 000b 0008 0008 0002 0002 0005 0005 000a 000a 0009 0009
1a00: 0009 0009 0005 0005 0002 0002 000c 000c 0007 0007 0008 0008 0005 0005 0008 0008
1a10: 0008 0008 0007 0007 0009 0009 0000 0000 0002 0002 0003 0003 0002 0002 000b 000b
1a20: 0007 0007 0004 0004 0008 0008 000b 000b 0003 0003 0003 0003 000c 000c 0000 0000
1a30: 0005 0005 0000 0000 0002 0002 000a 000a 0004 0004 0000 0000 0007 0007 000c 000c
1a40: 000a 000a 0001 0001 0006 0006 000b 000b 0005 0005 0008 0008 0007 0007 0005 0005
1a50: 0000 0000 0002 0002 0009 0009 0001 0001 0002 0002 0008 0008 0009 0009 0003 0003
1a60: 0005 0005 0006 0006 0008 0008 0007 0007 0000 0000 0000 0000 0006 0006 0003 0003
1a70: 0009 0009 0008 0008 000b 000b 0005 0005 0005 0005 0000 0000 000a 000a 000a 000a
1a80: 0003 0003 0002 0002 0007 0007 0003 0003 0002 0002 000a 000a 0007 0007 0003 0003
1a90: 0009 0009 000a 000a 0008 0008 0003 0003 0002 0002 0006 0006 0005 0005 0005 0005
1aa0: 000b 000b 0003 0003 0000 0000 0000 0000 0000 0000 0006 0006 0005 0005 0000 0000
1ab0: 0008 0008 0004 0004 0005 0005 0001 0001 0007 0007 0007 0007 0008 0008 000a 000a
1ac0: 000a 000a 0004 0004 000a 000a 0000 0000 0002 0002 0008 0008 0006 0006 0000 0000
1ad0: 0004 0004 0006 0006 000b 000b 0008 0008 000a 000a 0006 0006 0006 0006 0004 0004
1ae0: 0004 0004 0006 0006 000a 000a 000a 000a 000b 000b 0003 0003 0008 0008 0005 0005
1af0: 0004 0004 000b 000b 0005 0005 0002 0002 0003 0003 0003 0003 0004 0004 0009 0009
1b00: 000c 000c 0004 0004 0002 0002 0007 0007 0001 0001 000b 000b 0007 0007 0001 0001
1b10: 0004 0004 0006 0006 0000 0000 0004 0004 0009 0009 0000 0000 0000 0000 000b 000b
1b20: 0003 0003 0005 0005 0004 0004 0003 0003 0008 0008 0004 0004 0000 0000 0005 0005
1b30: 000a 000a 0009 0009 0005 0005 000a 000a 0004 0004 000b 000b 0002 0002 0004 0004
1b40: 0000 0000 000a 000a 0006 0006 0008 0008 0003 0003 000c 000c 0000 0000 0006 0006
1b50: 000b 000b 0009 0009 0005 0005 0005 0005 0008 0008 0007 0007 0000 0000 0009 0009
1b60: 0001 0001 000c 000c 000a 000a 0003 0003 0006 0006 000b 000b 0006 0006 0000 0000
1b70: 0001 0001 0006 0006 000a 000a 000a 000a 0001 0001 000a 000a 000c 000c 000b 000b
1b80: 0001 0001 0005 0005 0003 0003 000a 000a 000a 000a 0005 0005 0007 0007 0004 0004
1b90: 0005 0005 0005 0005 0000 0000 000c 000c 000a 000a 0008 0008 0005 0005 0002 0002
1ba0: 0005 0005 0007 0007 000a 000a 0003 0003 0003 0003 000a 000a 0007 0007 0004 0004
1bb0: 000a 000a 0004 0004 0005 0005 0006 0006 0009 0009 0002 0002 0004 0004 0000 0000
1bc0: 0009 0009 0002 0002 000a 000a 0007 0007 0003 0003 0001 0001 0000 0000 000b 000b
1bd0: 0004 0004 0007 0007 0004 0004 0008 0008 000c 000c 000a 000a 000b 000b 0000 0000
1be0: 0009 0009 0004 0004 0002 0002 000c 000c 0007 0007 0001 0001 000a 000a 000a 000a
1bf0: 000a 000a 0007 0007 0003 0003 0003 0003 0007 0007 0007 0007 0006 0006 000b 000b
1c00: 0009 0009 0004 0004 0009 0009 0008 0008 0002 0002 0000 0000 0009 0009 0003 0003
1c10: 000b 000b 0008 0008 0000 0000 0003 0003 0007 0007 000b 000b 0007 0007 000a 000a
1c20: 0005 0005 0006 0006 0001 0001 0007 0007 0000 0000 0007 0007 0001 0001 0000 0000
1c30: 0000 0000 0005 0005 000b 000b 0005 0005 0003 0003 000b 000b 0002 0002 000b 000b
1c40: 0002 0002 0009 0009 0009 0009 0008 0008 000b 000b 0003 0003 0005 0005 0009 0009
1c50: 0008 0008 0003 0003 000c 000c 0000 0000 0007 0007 0008 0008 0005 0005 000c 000c
1c60: 0000 0000 000b 000b 000a 000a 0000 0000 000c 000c 0000 0000 0004 0004 0007 0007
1c70: 000a 000a 000c 000c 000c 000c 0001 0001 0006 0006 0009 0009 0001 0001 0006 0006
1c80: 0009 0009 0005 0005 0008 0008 0001 0001 000b 000b 0003 0003 0007 0007 0007 0007
1c90: 0009 0009 0006 0006 0007 0007 000a 000a 0002 0002 0005 0005 0004 0004 0001 0001
1ca0: 0002 0002 0008 0008 0006 0006 0009 0009 0001 0001 0003 0003 000a 000a 0009 0009
1cb0: 000a 000a 0006 0006 000c 000c 0008 0008 0002 0002 000c 000c 0009 0009 0008 0008
1cc0: 0006 0006 0002 0002 0007 0007 0001 0001 0004 0004 0003 0003 0003 0003 0006 0006
1cd0: 0003 0003 0001 0001 0001 0001 0000 0000 000b 000b 000b 000b 0000 0000 0003 0003
1ce0: 000a 000a 0006 0006 000b 000b 0003 0003 0002 0002 000a 000a 0000 0000 0005 0005
1cf0: 000b 000b 0007 0007 0005 0005 000b 000b 000a 000a 0006 0006 000a 000a 0004 0004
1d00: 0009 0009 0007 0007 0002 0002 0009 0009 0002 0002 0001 0001 0001 0001 0008 0008
1d10: 000a 000a 0004 0004 0001 0001 0005 0005 0001 0001 000a 000a 0007 0007 0001 0001
1d20: 0006 0006 000c 000c 0002 0002 0006 0006 0009 0009 0000 0000 0000 0000 0005 0005
1d30: 0001 0001 000c 000c 0002 0002 000a 000a 0003 0003 000c 000c 0000 0000 0002 0002
1d40: 000b 000b 0006 0006 0006 0006 0005 0005 000b 000b 0003 0003 0007 0007 0001 0001
1d50: 000a 000a 0005 0005 0005 0005 000b 000b 0001 0001 0009 0009 0004 0004 0002 0002
1d60: 0001 0001 0001 0001 0009 0009 0009 0009 000c 000c 0002 0002 0004 0004 000b 000b
1d70: 0007 0007 000a 000a 000c 000c 000a 000a 0001 0001 000c 000c 0007 0007 0000 0000
1d80: 0002 0002 0001 0001 0005 0005 0004 0004 0006 0006 0006 0006 0003 0003 0000 0000
1d90: 0007 0007 000a 000a 0005 0005 000c 000c 0007 0007 000b 000b 0001 0001 0000 0000
1da0: 0002 0002 0002 0002 0000 0000 0004 0004 0007 0007 000b 000b 0002 0002 0004 0004
1db0: 000c 000c 0008 0008 0003 0003 0000 0000 0006 0006 0001 0001 0001 0001 0009 0009
1dc0: 000c 000c 000a 000a 0003 0003 000c 000c 000c 000c 000c 000c 000a 000a 000b 000b
1dd0: 0008 0008 000a 000a 0003 0003 0004 0004 000b 000b 0008 0008 0008 0008 0008 0008
1de0: 0001 0001 0006 0006 0001 0001 0009 0009 0007 0007 0001 0001 0009 0009 000a 000a
1df0: 000c 000c 0009 0009 0003 0003 000c 000c 0002 0002 0003 0003 000b 000b 0008 0008
1e00: 0004 0004 0004 0004 000c 000c 0001 0001 0004 0004 000c 000c 000c 000c 000c 000c
1e10: 0004 0004 0002 0002 000c 000c 0002 0002 0005 0005 0008 0008 000a 000a 0002 0002
1e20: 0005 0005 0009 0009 0005 0005 0005 0005 000c 000c 0000 0000 0009 0009 0006 0006
1e30: 000a 000a 0002 0002 0002 0002 0001 0001 0002 0002 0005 0005 0003 0003 0009 0009
1e40: 0007 0007 000c 000c 0008 0008 0006 0006 0003 0003 0005 0005 0004 0004 0003 0003
1e50: 0004 0004 0007 0007 000a 000a 0009 0009 0005 0005 0006 0006 0002 0002 0008 0008
1e60: 0006 0006 0002 0002 000b 000b 0008 0008 0004 0004 0005 0005 0000 0000 000a 000a
1e70: 0004 0004 000b 000b 000a 000a 0007 0007 000c 000c 0007 0007 0008 0008 000a 000a
1e80: 0002 0002 0007 0007 000a 000a 0002 0002 000a 000a 0006 0006 0009 0009 0005 0005
1e90: 0005 0005 0008 0008 0006 0006 000a 000a 000c 000c 0004 0004 0007 0007 000a 000a
1ea0: 0001 0001 0005 0005 0009 0009 0001 0001 0007 0007 0003 0003 000a 000a 0008 0008
1eb0: 0008 0008 0006 0006 0009 0009 0001 0001 0006 0006 0002 0002 000b 000b 0005 0005
1ec0: 0002 0002 0008 0008 0002 0002 0000 0000 0004 0004 0004 0004 000b 000b 000c 000c
1ed0: 0000 0000 0009 0009 0002 0002 0007 0007 0009 0009 0003 0003 000c 000c 000a 000a
1ee0: 000c 000c 0000 0000 0005 0005 0007 0007 0004 0004 0005 0005 0002 0002 000b 000b
1ef0: 0009 0009 0005 0005 000b 000b 0005 0005 0005 0005 0008 0008 0007 0007 000a 000a
1f00: 0003 0003 0004 0004 0005 0005 0008 0008 0003 0003 0001 0001 000a 000a 000b 000b
1f10: 0007 0007 0002 0002 0005 0005 0006 0006 0009 0009 0003 0003 000a 000a 000b 000b
1f20: 0002 0002 000c 000c 0002 0002 0008 0008 0004 0004 0000 0000 0002 0002 0008 0008
1f30: 0002 0002 0003 0003 000b 000b 000b 000b 000b 000b 0006 0006 0003 0003 0005 0005
1f40: 0006 0006 0002 0002 000a 000a 000b 000b 0008 0008 0008 0008 0004 0004 000c 000c
1f50: 0000 0000 000c 000c 0003 0003 0002 0002 0002 0002 0004 0004 0009 0009 0005 0005
1f60: 0002 0002 0001 0001 000b 000b 0000 0000 0004 0004 0002 0002 0000 0000 0000 0000
1f70: 0008 0008 0006 0006 0001 0001 0003 0003 0007 0007 0000 0000 000b 000b 000c 000c
1f80: 0006 0006 0002 0002 0005 0005 0007 0007 0002 0002 0000 0000 0001 0001 0004 0004
1f90: 0004 0004 0006 0006 0008 0008 000b 000b 0000 0000 0001 0001 0001 0001 0003 0003
1fa0: 000b 000b 000a 000a 000a 000a 000a 000a 0008 0008 0006 0006 0006 0006 0003 0003
1fb0: 0003 0003 0006 0006 0008 0008 0002 0002 0001 0001 000a 000a 0003 0003 000a 000a
1fc0: 0003 0003 0004 0004 0002 0002 0005 0005 0000 0000 000c 000c 0001 0001 0001 0001
1fd0: 0000 0000 0005 0005 0004 0004 000b 000b 0009 0009 0009 0009 0003 0003 0005 0005
1fe0: 0001 0001 0002 0002 000a 000a 000a 000a 0004 0004 0004 0004 0007 0007 000a 000a
1ff0: 0009 0009 0008 0008 0000 0000 000c 000c 0002 0002 0000 0000 0001 0001 0009 0009
2000: 000a 000a 0006 0006 0008 0008 0008 0008 0005 0005 000b 000b 0003 0003 0007 0007
2010: 0006 0006 0008 0008 0002 0002 0000 0000 000b 000b 0009 0009 0002 0002 0007 0007
2020: 000b 000b 0008 0008 0009 0009 0006 0006 0001 0001 0004 0004 000c 000c 0003 0003
2030: 0004 0004 0007 0007 0009 0009 0001 0001 000a 000a 0004 0004 0003 0003 0006 0006
2040: 000a 000a 0003 0003 0009 0009 0000 0000 0003 0003 0007 0007 000a 000a 000b 000b
2050: 000a 000a 0001 0001 000a 000a 0000 0000 0006 0006 0005 0005 0008 0008 000a 000a
2060: 0007 0007 0002 0002 0002 0002 000b 000b 0006 0006 0000 0000 000b 000b 0007 0007
2070: 0004 0004 0001 0001 000c 000c 000b 000b 0005 0005 000c 000c 0008 0008 0009 0009
2080: 000b 000b 0000 0000 0000 0000 0000 0000 000b 000b 0004 0004 0005 0005 0001 0001
2090: 0002 0002 0006 0006 0008 0008 0002 0002 0005 0005 0003 0003 000a 000a 000b 000b
20a0: 0007 0007 0009 0009 0005 0005 0000 0000 0000 0000 0006 0006 0009 0009 0009 0009
20b0: 0005 0005 0001 0001 0009 0009 000b 000b 000c 000c 0007 0007 0003 0003 0006 0006
20c0: 0001 0001 000a 000a 000c 000c 0006 0006 0003 0003 0001 0001 000a 000a 0003 0003
20d0: 0007 0007 000a 000a 000a 000a 0000 0000 0003 0003 0003 0003 0007 0007 0009 0009
20e0: 000a 000a 0002 0002 0004 0004 0003 0003 0001 0001 0005 0005 0006 0006 0006 0006
20f0: 0004 0004 000a 000a 0008 0008 0007 0007 000c 000c 0001 0001 0001 0001 0009 0009
2100: 000a 000a 0004 0004 0009 0009 0004 0004 0006 0006 000a 000a 0006 0006 0005 0005
2110: 000b 000b 0004 0004 000a 000a 0006 0006 0007 0007 0003 0003 0002 0002 0000 0000
2120: 0009 0009 0000 0000 000b 000b 0009 0009 000c 000c 0001 0001 0004 0004 0004 0004
2130: 0008 0008 0007 0007 0004 0004 000c 000c 0009 0009 000a 000a 0006 0006 0008 0008
2140: 0007 0007 0003 0003 0005 0005 0001 0001 0007 0007 000c 000c 0007 0007 0003 0003
2150: 000a 000a 0004 0004 000c 000c 000c 000c 0004 0004 0000 0000 0009 0009 0005 0005
2160: 0002 0002 0004 0004 0006 0006 0009 0009 0001 0001 000c 000c 0005 0005 0009 0009
2170: 0003 0003 0004 0004 0001 0001 000b 000b 0008 0008 0007 0007 0007 0007 000a 000a
2180: 0008 0008 0001 0001 000a 000a 000a 000a 000a 000a 0002 0002 0004 0004 000a 000a
2190: 000a 000a 0002 0002 000b 000b 0006 0006 0000 0000 0001 0001 0007 0007 0002 0002
21a0: 0003 0003 0001 0001 0001 0001 0001 0001 0009 0009 0009 0009 0009 0009 0007 0007
21b0: 0008 0008 0005 0005 000a 000a 000b 000b 000b 000b 0000 0000 000b 000b 000b 000b
21c0: 0006 0006 0003 0003 000a 000a 000b 000b 000a 000a 0004 0004 0004 0004 0003 0003
21d0: 0000 0000 000b 000b 0007 0007 0002 0002 0006 0006 000b 000b 000b 000b 0001 0001
21e0: 0009 0009 0004 0004 0008 0008 000a 000a 0000 0000 0006 0006 000b 000b 0009 0009
21f0: 0007 0007 000b 000b 0004 0004 000a 000a 000a 000a 0001 0001 0002 0002 0008 0008
2200: 0009 0009 0006 0006 0000 0000 0008 0008 0005 0005 0002 0002 000a 000a 000b 000b
2210: 0006 0006 000c 000c 000a 000a 0002 0002 0004 0004 000c 000c 0002 0002 0007 0007
2220: 000a 000a 000c 000c 000a 000a 000a 000a 0009 0009 0001 0001 000c 000c 0004 0004
2230: 0001 0001 0009 0009 000b 000b 0006 0006 0006 0006 0006 0006 000a 000a 0006 0006
2240: 0008 0008 000a 000a 0002 0002 0009 0009 0007 0007 0008 0008 0007 0007 0000 0000
2250: 0001 0001 0000 0000 000a 000a 0006 0006 0001 0001 0005 0005 0002 0002 0000 0000
2260: 0004 0004 0004 0004 0005 0005 0005 0005 000c 000c 0006 0006 0000 0000 0005 0005
2270: 0006 0006 0004 0004 0005 0005 0004 0004 0009 0009 0008 0008 0007 0007 0005 0005
2280: 000c 000c 0004 0004 000c 000c 0004 0004 000c 000c 0009 0009 0005 0005 0000 0000
2290: 0006 0006 0001 0001 0005 0005 0009 0009 0008 0008 0006 0006 0001 0001 0005 0005
22a0: 0004 0004 0004 0004 0009 0009 0007 0007 0000 0000 0001 0001 0008 0008 000c 000c
22b0: 0000 0000 0001 0001 0008 0008 0008 0008 0008 0008 000b 000b 0004 0004 0002 0002
22c0: 0009 0009 0002 0002 000b 000b 0004 0004 0003 0003 0008 0008 0006 0006 0001 0001
22d0: 000a 000a 0001 0001 0006 0006 0005 0005 0002 0002 000a 000a 000c 000c 0002 0002
22e0: 0003 0003 0007 0007 000a 000a 0008 0008 000a 000a 0000 0000 0000 0000 0006 0006
22f0: 0006 0006 000c 000c 000c 000c 000a 000a 0004 0004 0003 0003 0000 0000 0001 0001
2300: 0006 0006 0002 0002 000c 000c 0003 0003 000c 000c 0000 0000 0007 0007 0002 0002
2310: 0006 0006 0009 0009 0002 0002 000c 000c 0009 0009 0002 0002 000a 000a 0000 0000
2320: 0001 0001 000a 000a 0006 0006 0006 0006 0004 0004 0006 0006 0005 0005 0003 0003
2330: 0000 0000 0005 0005 0002 0002 0008 0008 0003 0003 0009 0009 000a 000a 0004 0004
2340: 0008 0008 0000 0000 0008 0008 0002 0002 0007 0007 0007 0007 0004 0004 0007 0007
2350: 0002 0002 0007 0007 0001 0001 000c 000c 0003 0003 0008 0008 0000 0000 0005 0005
2360: 000a 000a 0000 0000 0007 0007 0001 0001 000a 000a 0009 0009 000c 000c 0003 0003
2370: 0003 0003 0004 0004 0001 0001 0000 0000 0002 0002 0003 0003 0000 0000 000c 000c
2380: 0009 0009 000a 000a 0009 0009 000b 000b 000a 000a 0002 0002 000c 000c 000c 000c
2390: 0006 0006 000b 000b 0003 0003 0005 0005 000b 000b 0006 0006 0001 0001 000b 000b
23a0: 0000 0000 0004 0004 0000 0000 0007 0007 0008 0008 0004 0004 0006 0006 0000 0000
23b0: 0005 0005 0001 0001 000b 000b 0008 0008 0008 0008 0004 0004 000c 000c 000b 000b
23c0: 0000 0000 0005 0005 0000 0000 0007 0007 000c 000c 0001 0001 0009 0009 000b 000b
23d0: 0006 0006 0006 0006 0003 0003 0002 0002 0000 0000 0004 0004 000a 000a 0009 0009
23e0: 000a 000a 0006 0006 000c 000c 0001 0001 0002 0002 0008 0008 0006 0006 0004 0004
23f0: 0006 0006 0009 0009 0008 0008 0009 0009 0006 0006 000a 000a 0006 0006 0004 0004
2400: 0008 0008 0003 0003 0003 0003 000b 000b 0002 0002 0001 0001 0000 0000 0008 0008
2410: 000b 000b 000c 000c 000c 000c 0003 0003 000c 000c 0009 0009 0009 0009 0002 0002
2420: 0002 0002 0004 0004 000a 000a 0000 0000 0003 0003 000b 000b 0008 0008 0005 0005
2430: 0001 0001 0009 0009 0000 0000 0008 0008 0008 0008 000c 000c 0008 0008 0004 0004
2440: 0004 0004 000a 000a 0002 0002 0002 0002 0009 0009 0008 0008 0005 0005 0005 0005
2450: 000b 000b 0009 0009 000b 000b 0005 0005 0008 0008 000b 000b 000b 000b 0006 0006
2460: 000c 000c 0009 0009 0006 0006 0000 0000 0005 0005 0003 0003 000a 000a 0009 0009
2470: 0008 0008 0009 0009 0008 0008 0008 0008 0004 0004 0008 0008 000a 000a 0006 0006
2480: 0001 0001 000b 000b 0006 0006 0001 0001 0003 0003 000c 000c 0003 0003 000b 000b
2490: 0008 0008 0004 0004 0009 0009 0004 0004 0003 0003 0005 0005 0000 0000 000b 000b
24a0: 000b 000b 0006 0006 0000 0000 0000 0000 0000 0000 0003 0003 0001 0001 0004 0004
24b0: 000c 000c 000c 000c 0004 0004 000b 000b 0008 0008 000c 000c 0009 0009 000c 000c
24c0: 000b 000b 0009 0009 000b 000b 0004 0004 0003 0003 000c 000c 000a 000a 0002 0002
24d0: 000a 000a 0001 0001 0009 0009 000c 000c 0000 0000 0007 0007 0004 0004 000b 000b
24e0: 0000 0000 0000 0000 0009 0009 0008 0008 0006 0006 0002 0002 0007 0007 0000 0000
24f0: 0004 0004 0000 0000 0001 0001 000a 000a 0003 0003 000b 000b 0007 0007 0001 0001
2500: 0001 0001 0006 0006 0001 0001 0006 0006 000b 000b 0007 0007 0009 0009 0000 0000
2510: 0000 0000 0006 0006 0004 0004 0009 0009 0001 0001 000a 000a 0006 0006 0008 0008
2520: 000c 000c 0009 0009 0007 0007 0009 0009 000b 000b 0001 0001 0001 0001 000a 000a
2530: 000a 000a 0009 0009 0003 0003 000a 000a 000a 000a 0005 0005 0009 0009 0001 0001
2540: 0003 0003 000a 000a 0000 0000 000c 000c 0008 0008 000c 000c 000c 000c 000c 000c
2550: 000b 000b 0004 0004 0006 0006 0003 0003 000c 000c 0009 0009 0007 0007 000b 000b
2560: 0002 0002 0008 0008 0007 0007 0001 0001 0007 0007 0004 0004 000a 000a 0008 0008
2570: 0007 0007 0002 0002 0006 0006 0003 0003 0006 0006 0004 0004 000b 000b 0005 0005
2580: 0003 0003 0006 0006 0001 0001 0003 0003 0004 0004 0004 0004 0005 0005 0004 0004
2590: 000a 000a 0003 0003 0006 0006 0009 0009 0005 0005 0004 0004 0001 0001 0007 0007
25a0: 000b 000b 0008 0008 0004 0004 0004 0004 0006 0006 0002 0002 0006 0006 0009 0009
25b0: 0004 0004 0001 0001 000c 000c 000b 000b 000a 000a 0005 0005 000b 000b 0001 0001
25c0: 0000 0000 0002 0002 0008 0008 0000 0000 000c 000c 0005 0005 0002 0002 0001 0001
25d0: 0006 0006 0001 0001 0008 0008 000b 000b 0008 0008 0003 0003 0003 0003 000a 000a
25e0: 0003 0003 0008 0008 000b 000b 0002 0002 0000 0000 0006 0006 0001 0001 0000 0000
25f0: 0004 0004 0005 0005 0001 0001 0001 0001 0004 0004 0000 0000 000b 000b 0005 0005
2600: 0009 0009 000a 000a 0002 0002 0001 0001 0003 0003 000c 000c 000c 000c 0001 0001
2610: 0004 0004 000a 000a 0004 0004 0006 0006 0000 0000 0002 0002 0007 0007 0005 0005
2620: 0003 0003 0005 0005 0002 0002 000c 000c 0005 0005 0003 0003 0004 0004 000a 000a
2630: 0006 0006 000a 000a 0009 0009 0002 0002 000a 000a 000b 000b 0008 0008 0008 0008
2640: 000c 000c 000b 000b 0004 0004 0009 0009 0009 0009 000a 000a 0005 0005 0001 0001
2650: 0006 0006 0001 0001 0005 0005 0007 0007 0002 0002 0007 0007 0007 0007 0002 0002
2660: 0002 0002 0000 0000 0004 0004 0003 0003 0000 0000 0005 0005 0004 0004 0001 0001
2670: 000b 000b 000a 000a 0004 0004 0009 0009 0001 0001 0005 0005 000b 000b 0001 0001
2680: 000b 000b 0005 0005 0005 0005 0003 0003 000b 000b 0008 0008 0007 0007 0007 0007
2690: 000b 000b 0003 0003 000a 000a 0000 0000 0003 0003 0003 0003 0002 0002 0009 0009
26a0: 0000 0000 0002 0002 000c 000c 0009 0009 0005 0005 0000 0000 0000 0000 0009 0009
26b0: 000b 000b 000c 000c 000c 000c 0004 0004 0006 0006 0001 0001 0004 0004 0000 0000
26c0: 000b 000b 0005 0005 0003 0003 000b 000b 0007 0007 000c 000c 0007 0007 0008 0008
26d0: 000a 000a 0009 0009 000b 000b 0000 0000 000a 000a 000b 000b 0002 0002 0004 0004
26e0: 000b 000b 0007 0007 0001 0001 0005 0005 0005 0005 0001 0001 0007 0007 000b 000b
26f0: 0009 0009 0008 0008 0005 0005 0007 0007 0000 0000 0007 0007 0002 0002 0009 0009
2700: 0006 0006 0005 0005 0004 0004 0002 0002 0003 0003 0008 0008 000b 000b 0001 0001
2710: 0009 0009 000a 000a 0004 0004 0007 0007 0003 0003 0001 0001 0009 0009 000a 000a
2720: 000b 000b 000a 000a 000c 000c 0007 0007 0006 0006 0002 0002 000c 000c 0003 0003
2730: 0005 0005 0003 0003 000c 000c 0005 0005 000a 000a 000b 000b 0001 0001 0003 0003
2740: 0001 0001 0009 0009 0004 0004 000c 000c 0000 0000 0006 0006 0000 0000 000a 000a
2750: 0006 0006 0003 0003 0003 0003 0006 0006 0007 0007 000a 000a 000b 000b 000a 000a
2760: 0007 0007 0004 0004 0005 0005 000a 000a 000b 000b 0003 0003 000a 000a 0004 0004
2770: 0005 0005 0001 0001 0008 0008 000c 000c 000a 000a 0003 0003 0007 0007 0003 0003
2780: 000a 000a 000b 000b 0004 0004 0004 0004 0002 0002 0000 0000 0006 0006 000a 000a
2790: 0003 0003 000b 000b 0006 0006 0003 0003 0005 0005 0005 0005 000a 000a 0006 0006
27a0: 0000 0000 0007 0007 0002 0002 0002 0002 0007 0007 0009 0009 000b 000b 0008 0008
27b0: 0009 0009 0004 0004 0005 0005 000a 000a 0003 0003 0003 0003 0009 0009 0000 0000
27c0: 0005 0005 0000 0000 0000 0000 0008 0008 0007 0007 000c 000c 0002 0002 0002 0002
27d0: 0007 0007 0006 0006 0009 0009 0003 0003 0009 0009 0000 0000 000a 000a 0008 0008
27e0: 0001 0001 000c 000c 0000 0000 000c 000c 000a 000a 0000 0000 0004 0004 0001 0001
27f0: 000a 000a 000c 000c 0003 0003 0007 0007 000a 000a 0006 0006 0000 0000 0008 0008
2800: 0005 0005 0009 0009 0006 0006 0008 0008 000b 000b 0008 0008 000c 000c 000c 000c
2810: 0001 0001 0004 0004 0002 0002 000b 000b 0003 0003 0009 0009 000c 000c 0004 0004
2820: 0009 0009 0004 0004 0008 0008 000a 000a 000b 000b 0005 0005 0006 0006 000a 000a
2830: 000a 000a 0003 0003 0006 0006 0004 0004 0000 0000 0002 0002 0003 0003 0001 0001
2840: 0009 0009 0000 0000 0008 0008 0004 0004 0002 0002 000c 000c 000a 000a 0003 0003
2850: 000a 000a 0008 0008 0005 0005 0002 0002 0004 0004 0009 0009 0008 0008 0009 0009
2860: 0007 0007 0009 0009 0005 0005 0000 0000 0006 0006 0007 0007 0004 0004 0007 0007
2870: 000b 000b 0004 0004 0007 0007 0008 0008 0003 0003 0001 0001 0006 0006 0005 0005
2880: 0001 0001 0008 0008 0008 0008 0009 0009 0007 0007 0009 0009 000c 000c 0008 0008
2890: 0003 0003 0007 0007 0007 0007 0005 0005 0001 0001 0008 0008 000b 000b 0000 0000
28a0: 0000 0000 0006 0006 0008 0008 0006 0006 0005 0005 000c 000c 0005 0005 0006 0006
28b0: 0009 0009 0008 0008 000a 000a 0001 0001 000c 000c 0007 0007 0000 0000 0005 0005
28c0: 0002 0002 0005 0005 0004 0004 0002 0002 0002 0002 0009 0009 000c 000c 0002 0002
28d0: 0000 0000 000b 000b 0004 0004 0007 0007 0008 0008 0001 0001 0002 0002 0008 0008
28e0: 0000 0000 0008 0008 0002 0002 0001 0001 000c 000c 000b 000b 000a 000a 0007 0007
28f0: 0003 0003 000b 000b 0005 0005 0003 0003 0007 0007 000a 000a 0003 0003 0008 0008
2900: 0008 0008 0004 0004 0002 0002 0006 0006 0006 0006 0006 0006 0001 0001 0005 0005
2910: 0009 0009 0007 0007 0008 0008 0000 0000 000c 000c 0005 0005 0005 0005 0009 0009
2920: 0005 0005 0009 0009 0002 0002 000a 000a 0000 0000 0009 0009 0000 0000 0008 0008
2930: 0004 0004 0005 0005 0002 0002 0004 0004 0004 0004 0007 0007 0008 0008 000c 000c
2940: 000c 000c 0006 0006 0006 0006 000b 000b 0002 0002 0007 0007 000b 000b 0008 0008
2950: 000a 000a 000c 000c 0000 0000 0001 0001 0004 0004 0001 0001 000c 000c 0001 0001
2960: 000b 000b 0003 0003 0006 0006 000c 000c 0005 0005 0002 0002 0003 0003 000a 000a
2970: 0008 0008 000b 000b 0007 0007 0000 0000 0002 0002 0002 0002 000a 000a 0006 0006
2980: 0004 0004 0004 0004 0005 0005 000b 000b 0007 0007 0006 0006 0000 0000 0005 0005
2990: 0007 0007 0000 0000 0002 0002 0006 0006 0008 0008 0005 0005 0006 0006 0002 0002
29a0: 0001 0001 000a 000a 0002 0002 0004 0004 0007 0007 0004 0004 0002 0002 000a 000a
29b0: 0008 0008 0003 0003 000b 000b 0005 0005 0004 0004 0004 0004 0008 0008 0001 0001
29c0: 0003 0003 0000 0000 000c 000c 0007 0007 0006 0006 0004 0004 000c 000c 0000 0000
29d0: 0002 0002 000c 000c 0006 0006 000a 000a 0005 0005 0007 0007 0009 0009 000b 000b
29e0: 0008 0008 0003 0003 0002 0002 000c 000c 000c 000c 0008 0008 0001 0001 0005 0005
29f0: 0009 0009 0005 0005 0006 0006 0008 0008 0009 0009 0002 0002 000a 000a 000c 000c
2a00: 0000 0000 0002 0002 0008 0008 000c 000c 0008 0008 0004 0004 0001 0001 000c 000c
2a10: 0004 0004 0001 0001 0005 0005 000a 000a 0001 0001 000a 000a 0000 0000 0004 0004
2a20: 0002 0002 0003 0003 0007 0007 0001 0001 0002 0002 0009 0009 0008 0008 0005 0005
2a30: 0001 0001 000c 000c 0001 0001 000b 000b 0008 0008 000a 000a 000b 000b 0004 0004
2a40: 0001 0001 0005 0005 0000 0000 0008 0008 0002 0002 0004 0004 000a 000a 0007 0007
2a50: 0009 0009 000a 000a 0002 0002 0006 0006 0000 0000 000a 000a 0000 0000 0008 0008
2a60: 0003 0003 0004 0004 000c 000c 0000 0000 0000 0000 000c 000c 0002 0002 0001 0001
2a70: 0009 0009 0002 0002 0004 0004 0006 0006 000b 000b 0003 0003 0003 0003 0004 0004
2a80: 0003 0003 0003 0003 0000 0000 0003 0003 000b 000b 0009 0009 000a 000a 0002 0002
2a90: 0000 0000 0008 0008 000a 000a 0004 0004 0004 0004 0005 0005 0009 0009 0006 0006
2aa0: 0008 0008 000c 000c 000c 000c 0007 0007 0004 0004 0005 0005 0007 0007 0007 0007
2ab0: 000c 000c 000c 000c 0009 0009 0001 0001 000a 000a 0001 0001 0006 0006 0007 0007
2ac0: 000a 000a 000c 000c 0008 0008 0005 0005 0003 0003 000b 000b 0004 0004 0007 0007
2ad0: 0003 0003 0006 0006 0001 0001 0006 0006 000b 000b 0003 0003 0000 0000 0001 0001
2ae0: 0001 0001 0009 0009 0008 0008 0003 0003 000a 000a 000a 000a 0009 0009 0007 0007
2af0: 000b 000b 0009 0009 0003 0003 0007 0007 0006 0006 0003 0003 0001 0001 000a 000a
2b00: 0007 0007 000a 000a 0007 0007 0002 0002 0008 0008 0007 0007 0004 0004 0009 0009
2b10: 0009 0009 000a 000a 0002 0002 0005 0005 000a 000a 0003 0003 0002 0002 0001 0001
2b20: 000b 000b 0003 0003 0004 0004 0001 0001 0001 0001 0003 0003 000c 000c 0006 0006
2b30: 000c 000c 0006 0006 0003 0003 0008 0008 0006 0006 000b 000b 0009 0009 000a 000a
2b40: 0009 0009 0005 0005 0003 0003 0001 0001 0008 0008 0003 0003 0008 0008 0001 0001
2b50: 0000 0000 000b 000b 0005 0005 0009 0009 0005 0005 0003 0003 0001 0001 000c 000c
2b60: 000a 000a 0006 0006 000c 000c 000b 000b 0005 0005 000a 000a 000c 000c 0008 0008
2b70: 0000 0000 0006 0006 000a 000a 0003 0003 000a 000a 000b 000b 0000 0000 0003 0003
2b80: 0003 0003 0008 0008 0002 0002 0009 0009 000a 000a 000c 000c 0005 0005 0000 0000
2b90: 0009 0009 0004 0004 0003 0003 000a 000a 0006 0006 0005 0005 0002 0002 0007 0007
2ba0: 0003 0003 0004 0004 000c 000c 000c 000c 000b 000b 000c 000c 0009 0009 0008 0008
2bb0: 0006 0006 000a 000a 0004 0004 0000 0000 0000 0000 0008 0008 0005 0005 0005 0005
2bc0: 000c 000c 0002 0002 0004 0004 000b 000b 0000 0000 0000 0000 0007 0007 000b 000b
2bd0: 000b 000b 000a 000a 000c 000c 000a 000a 000b 000b 0002 0002 0009 0009 0007 0007
2be0: 000c 000c 000a 000a 0000 0000 0009 0009 0009 0009 0005 0005 000a 000a 000c 000c
2bf0: 000c 000c 000b 000b 0000 0000 0009 0009 0003 0003 0003 0003 000b 000b 0002 0002
2c00: 0004 0004 0002 0002 0009 0009 0004 0004 000a 000a 0008 0008 0003 0003 000c 000c
2c10: 0004 0004 0002 0002 0008 0008 0005 0005 0003 0003 0002 0002 0007 0007 0004 0004
2c20: 0001 0001 0008 0008 0006 0006 0006 0006 0008 0008 0009 0009 000c 000c 0006 0006
2c30: 000c 000c 0007 0007 0002 0002 0002 0002 0003 0003 0007 0007 0006 0006 0006 0006
2c40: 0000 0000 000c 000c 0004 0004 0004 0004 0008 0008 0007 0007 0004 0004 0002 0002
2c50: 0000 0000 0001 0001 0008 0008 0005 0005 0004 0004 000b 000b 0005 0005 000c 000c
2c60: 0001 0001 0006 0006 000a 000a 0000 0000 0000 0000 000a 000a 0001 0001 0004 0004
2c70: 000b 000b 000b 000b 0007 0007 000a 000a 0006 0006 0001 0001 0003 0003 0003 0003
2c80: 0008 0008 0008 0008 000b 000b 000c 000c 0008 0008 0003 0003 0007 0007 0000 0000
2c90: 0003 0003 0000 0000 000b 000b 0006 0006 0009 0009 0009 0009 0007 0007 0005 0005
2ca0: 0000 0000 0006 0006 0009 0009 0006 0006 0001 0001 0006 0006 0006 0006 0003 0003
2cb0: 0000 0000 0009 0009 0001 0001 0000 0000 0003 0003 0006 0006 0004 0004 0003 0003
2cc0: 000a 000a 000b 000b 000c 000c 0002 0002 0004 0004 0008 0008 0009 0009 000a 000a
2cd0: 0002 0002 0001 0001 0007 0007 0003 0003 0000 0000 000c 000c 0004 0004 000c 000c
2ce0: 0002 0002 0001 0001 0002 0002 0000 0000 000c 000c 0002 0002 000b 000b 000c 000c
2cf0: 0000 0000 0005 0005 0002 0002 0002 0002 0000 0000 0000 0000 000a 000a 0000 0000
2d00: 0005 0005 0003 0003 0008 0008 0008 0008 0002 0002 0008 0008 0006 0006 0003 0003
2d10: 0009 0009 000b 000b 0005 0005 0007 0007 0002 0002 0008 0008 0007 0007 000c 000c
2d20: 0006 0006 0005 0005 0007 0007 0006 0006 000a 000a 0000 0000 0004 0004 0004 0004
2d30: 0009 0009 000c 000c 0008 0008 0003 0003 0001 0001 0005 0005 0007 0007 000b 000b
2d40: 0009 0009 0007 0007 0005 0005 0000 0000 000a 000a 0000 0000 0002 0002 000b 000b
2d50: 0009 0009 0005 0005 0003 0003 000a 000a 0001 0001 0007 0007 0009 0009 0005 0005
2d60: 000a 000a 0007 0007 0006 0006 000c 000c 0006 0006 0009 0009 000c 000c 0001 0001
2d70: 0005 0005 000c 000c 0001 0001 000a 000a 0003 0003 0009 0009 0003 0003 0001 0001
2d80: 0005 0005 000b 000b 0001 0001 000a 000a 0005 0005 0004 0004 0001 0001 0005 0005
2d90: 0008 0008 0006 0006 0009 0009 0005 0005 000a 000a 0002 0002 0007 0007 0003 0003
2da0: 000b 000b 0004 0004 0005 0005 0005 0005 000a 000a 0002 0002 000a 000a 000a 000a
2db0: 0002 0002 0006 0006 0004 0004 0001 0001 0005 0005 0002 0002 0009 0009 0005 0005
2dc0: 000a 000a 000b 000b 0007 0007 0001 0001 0001 0001 000c 000c 0002 0002 000a 000a
2dd0: 0001 0001 0007 0007 0001 0001 0004 0004 0007 0007 0006 0006 000b 000b 0001 0001
2de0: 0001 0001 0008 0008 0008 0008 0009 0009 0003 0003 0004 0004 0008 0008 000a 000a
2df0: 0007 0007 0002 0002 0000 0000 0003 0003 0008 0008 0003 0003 0007 0007 0009 0009
2e00: 000b 000b 0006 0006 0008 0008 000a 000a 000a 000a 0007 0007 0008 0008 0009 0009
2e10: 0009 0009 0000 0000 000c 000c 0009 0009 0005 0005 000a 000a 0003 0003 000a 000a
2e20: 0000 0000 000a 000a 000b 000b 0006 0006 0007 0007 0006 0006 0003 0003 0000 0000
2e30: 0008 0008 0004 0004 0002 0002 0009 0009 000a 000a 0009 0009 0000 0000 0005 0005
2e40: 0007 0007 000a 000a 000a 000a 0007 0007 0005 0005 000b 000b 0006 0006 000b 000b
2e50: 0006 0006 0002 0002 0004 0004 0004 0004 000a 000a 000c 000c 0000 0000 0004 0004
2e60: 0006 0006 0003 0003 000b 000b 000c 000c 0001 0001 0003 0003 0009 0009 000c 000c
2e70: 0009 0009 0001 0001 0001 0001 0003 0003 0005 0005 0008 0008 0005 0005 0005 0005
2e80: 0000 0000 000c 000c 0006 0006 000c 000c 000c 000c 000a 000a 000b 000b 0008 0008
2e90: 000a 000a 0009 0009 0004 0004 0008 0008 0006 0006 0004 0004 0006 0006 0008 0008
2ea0: 0004 0004 0007 0007 0009 0009 0007 0007 000c 000c 0002 0002 000a 000a 000b 000b
2eb0: 0000 0000 0009 0009 0006 0006 000b 000b 0005 0005 0004 0004 0000 0000 0008 0008
2ec0: 0000 0000 0002 0002 0001 0001 0000 0000 0003 0003 0007 0007 0001 0001 0006 0006
2ed0: 000c 000c 0006 0006 0003 0003 0002 0002 0009 0009 0001 0001 0006 0006 0003 0003
2ee0: 0003 0003 0003 0003 000c 000c 0001 0001 0008 0008 000a 000a 0004 0004 0009 0009
2ef0: 0006 0006 000c 000c 0006 0006 000c 000c 000b 000b 0007 0007 0007 0007 000c 000c
2f00: 000a 000a 0005 0005 0002 0002 0001 0001 0001 0001 0007 0007 0008 0008 000b 000b
2f10: 0006 0006 0002 0002 0008 0008 0006 0006 0008 0008 0002 0002 000b 000b 000b 000b
2f20: 0005 0005 0005 0005 0003 0003 0004 0004 0002 0002 0009 0009 0009 0009 0001 0001
2f30: 000a 000a 0009 0009 000b 000b 0004 0004 0001 0001 0004 0004 0006 0006 000c 000c
2f40: 000b 000b 0003 0003 0007 0007 0004 0004 0007 0007 0004 0004 0006 0006 0002 0002
2f50: 0005 0005 0004 0004 0000 0000 0008 0008 0002 0002 0004 0004 0003 0003 0005 0005
2f60: 0005 0005 0000 0000 000a 000a 0001 0001 0006 0006 0006 0006 0002 0002 0009 0009
2f70: 0000 0000 0001 0001 0005 0005 000c 000c 0004 0004 000c 000c 0007 0007 0000 0000
2f80: 0002 0002 0001 0001 000a 000a 0005 0005 0001 0001 000b 000b 0000 0000 0004 0004
2f90: 0006 0006 000a 000a 0007 0007 000c 000c 000a 000a 0003 0003 0003 0003 0009 0009
2fa0: 0003 0003 0003 0003 0004 0004 0000 0000 0005 0005 000c 000c 0009 0009 0004 0004
2fb0: 000b 000b 0008 0008 0003 0003 000a 000a 0006 0006 000a 000a 0003 0003 0009 0009
2fc0: 0000 0000 0001 0001 000c 000c 0004 0004 0008 0008 0007 0007 0006 0006 0005 0005
2fd0: 000c 000c 0000 0000 000a 000a 0000 0000 000b 000b 000b 000b 0005 0005 0005 0005
2fe0: 000b 000b 0008 0008 0006 0006 0004 0004 0009 0009 000c 000c 0005 0005 0006 0006
2ff0: 000a 000a 0006 0006 0001 0001 000c 000c 0005 0005 0007 0007 000a 000a 0000 0000
3000: 000c 000c 0000 0000 000b 000b 0003 0003 0007 0007 000b 000b 0004 0004 000b 000b
3010: 0003 0003 0002 0002 000c 000c 0006 0006 000a 000a 0007 0007 0006 0006 0002 0002
3020: 0002 0002 0009 0009 0006 0006 0004 0004 000a 000a 0009 0009 000c 000c 0007 0007
3030: 0004 0004 0004 0004 0007 0007 000a 000a 0001 0001 0002 0002 0005 0005 000b 000b
3040: 0001 0001 0007 0007 0000 0000 0004 0004 0002 0002 0008 0008 0006 0006 0003 0003
3050: 000b 000b 0004 0004 0006 0006 0006 0006 0003 0003 0007 0007 0006 0006 0002 0002
3060: 0004 0004 0001 0001 0004 0004 0005 0005 0008 0008 0004 0004 0000 0000 0004 0004
3070: 0000 0000 000a 000a 0003 0003 0005 0005 0003 0003 0008 0008 0005 0005 0000 0000
3080: 0003 0003 0001 0001 0007 0007 0004 0004 0005 0005 0008 0008 000a 000a 0004 0004
3090: 0000 0000 0009 0009 000a 000a 0005 0005 0008 0008 0005 0005 0006 0006 0008 0008
30a0: 0001 0001 0008 0008 0008 0008 0007 0007 0001 0001 0002 0002 000a 000a 0007 0007
30b0: 000c 000c 0008 0008 0009 0009 000a 000a 0009 0009 0000 0000 0008 0008 0004 0004
30c0: 000a 000a 0000 0000 0002 0002 0007 0007 000a 000a 0007 0007 0008 0008 0005 0005
30d0: 000a 000a 0000 0000 0003 0003 0002 0002 000c 000c 0003 0003 0006 0006 000a 000a
30e0: 0005 0005 000b 000b 000b 000b 0008 0008 0004 0004 0001 0001 0009 0009 0009 0009
30f0: 0001 0001 0006 0006 0000 0000 0009 0009 0005 0005 0000 0000 0008 0008 000b 000b
3100: 0001 0001 0004 0004 0004 0004 000a 000a 000b 000b 0009 0009 0000 0000 000c 000c
3110: 000c 000c 0005 0005 0003 0003 0000 0000 0000 0000 0001 0001 0000 0000 000b 000b
3120: 000b 000b 0007 0007 0007 0007 0005 0005 000c 000c 0006 0006 0005 0005 0008 0008
3130: 0008 0008 0008 0008 000c 000c 0007 0007 0007 0007 0000 0000 0009 0009 0001 0001
3140: 0002 0002 000c 000c 000c 000c 0008 0008 0001 0001 0000 0000 0005 0005 000a 000a
3150: 0009 0009 0007 0007 000c 000c 0009 0009 0003 0003 000c 000c 0004 0004 0006 0006
3160: 000b 000b 0006 0006 0009 0009 000c 000c 0006 0006 0003 0003 0007 0007 0000 0000
3170: 0006 0006 0003 0003 0005 0005 000c 000c 0007 0007 0000 0000 0002 0002 000b 000b
3180: 000c 000c 0006 0006 0006 0006 0005 0005 0005 0005 0009 0009 000c 000c 0004 0004
3190: 000a 000a 000b 000b 0005 0005 000c 000c 0007 0007 0008 0008 000c 000c 000b 000b
31a0: 0009 0009 0007 0007 0002 0002 0000 0000 0007 0007 0008 0008 0008 0008 000b 000b
31b0: 0007 0007 0003 0003 0008 0008 0008 0008 000b 000b 0004 0004 000a 000a 0007 0007
31c0: 0004 0004 0003 0003 000a 000a 0002 0002 0006 0006 0006 0006 0006 0006 0006 0006
31d0: 0005 0005 0000 0000 000b 000b 000c 000c 0008 0008 0006 0006 0006 0006 0007 0007
31e0: 000c 000c 0006 0006 0009 0009 000b 000b 0005 0005 000b 000b 000c 000c 000b 000b
31f0: 0003 0003 0004 0004 0005 0005 0004 0004 0004 0004 0007 0007 0007 0007 0001 0001
3200: 0001 0001 0003 0003 0000 0000 000c 000c 0008 0008 0001 0001 0009 0009 0001 0001
3210: 0007 0007 0004 0004 000b 000b 0007 0007 000b 000b 000c 000c 000a 000a 0003 0003
3220: 0008 0008 0004 0004 0008 0008 0005 0005 0009 0009 000c 000c 0008 0008 000b 000b
3230: 0000 0000 0001 0001 0000 0000 0003 0003 000b 000b 0005 0005 0005 0005 0009 0009
3240: 0009 0009 0009 0009 000b 000b 0000 0000 000c 000c 0007 0007 0009 0009 0005 0005
3250: 0005 0005 0008 0008 0005 0005 000c 000c 0003 0003 0009 0009 000b 000b 0003 0003
3260: 0000 0000 0007 0007 0006 0006 000b 000b 0005 0005 000a 000a 0001 0001 0005 0005
3270: 0003 0003 000c 000c 000b 000b 0004 0004 000c 000c 0003 0003 0005 0005 0006 0006
3280: 0006 0006 0009 0009 0006 0006 0000 0000 0004 0004 0001 0001 0006 0006 0003 0003
3290: 0001 0001 0001 0001 0009 0009 000c 000c 000b 000b 0000 0000 0004 0004 0006 0006
32a0: 0003 0003 0007 0007 0002 0002 0006 0006 0005 0005 0009 0009 0007 0007 0008 0008
32b0: 0009 0009 000a 000a 000b 000b 0004 0004 0007 0007 0007 0007 0007 0007 000c 000c
32c0: 0001 0001 0009 0009 000a 000a 0006 0006 0003 0003 0004 0004 0000 0000 000b 000b
32d0: 0007 0007 0004 0004 0008 0008 0000 0000 000b 000b 0008 0008 000b 000b 0005 0005
32e0: 0009 0009 0002 0002 000b 000b 000a 000a 000a 000a 0006 0006 0006 0006 0006 0006
32f0: 0007 0007 000b 000b 0007 0007 000a 000a 0004 0004 000b 000b 000b 000b 0003 0003
3300: 0009 0009 0004 0004 0005 0005 0006 0006 0006 0006 000b 000b 0005 0005 0001 0001
3310: 0004 0004 0007 0007 000a 000a 000b 000b 0005 0005 0009 0009 0003 0003 000b 000b
3320: 0000 0000 0006 0006 000a 000a 0009 0009 0009 0009 0006 0006 0007 0007 0008 0008
3330: 0000 0000 0008 0008 0001 0001 0004 0004 0004 0004 0001 0001 000a 000a 000b 000b
3340: 0001 0001 000b 000b 000a 000a 000a 000a 0007 0007 000c 000c 0004 0004 0007 0007
3350: 000b 000b 0001 0001 0001 0001 0003 0003 0008 0008 000b 000b 0007 0007 000b 000b
3360: 0006 0006 0006 0006 0007 0007 0001 0001 000b 000b 0006 0006 0006 0006 0001 0001
3370: 0002 0002 000a 000a 0005 0005 0008 0008 0001 0001 0004 0004 000c 000c 0009 0009
3380: 0005 0005 0006 0006 0005 0005 0006 0006 0009 0009 0007 0007 0004 0004 000a 000a
3390: 0006 0006 0004 0004 0009 0009 0007 0007 0001 0001 0002 0002 0009 0009 0008 0008
33a0: 0001 0001 0007 0007 0009 0009 000a 000a 0007 0007 0005 0005 000b 000b 0008 0008
33b0: 0002 0002 000a 000a 0009 0009 0002 0002 0000 0000 0003 0003 0000 0000 0001 0001
33c0: 0004 0004 0004 0004 0006 0006 0004 0004 0008 0008 0000 0000 0005 0005 0001 0001
33d0: 0003 0003 0007 0007 000c 000c 0006 0006 000b 000b 0002 0002 0005 0005 0007 0007
33e0: 0002 0002 0008 0008 0003 0003 0008 0008 0003 0003 0005 0005 000c 000c 0009 0009
33f0: 0009 0009 0000 0000 000a 000a 0008 0008 0001 0001 0007 0007 0007 0007 000c 000c
3400: 0006 0006 0009 0009 0005 0005 0004 0004 0008 0008 0005 0005 0004 0004 0002 0002
3410: 000c 000c 0000 0000 0006 0006 000c 000c 0000 0000 0003 0003 0003 0003 0002 0002
3420: 0000 0000 0006 0006 0008 0008 000a 000a 000b 000b 0008 0008 0006 0006 0005 0005
3430: 000a 000a 0005 0005 000c 000c 000c 000c 0003 0003 0001 0001 0009 0009 000a 000a
3440: 0002 0002 0006 0006 0001 0001 0006 0006 0001 0001 0004 0004 000c 000c 000c 000c
3450: 0008 0008 000a 000a 0002 0002 000a 000a 0001 0001 0001 0001 000b 000b 0007 0007
3460: 0008 0008 0009 0009 0000 0000 0008 0008 0003 0003 0000 0000 0005 0005 0009 0009
3470: 0007 0007 0005 0005 0003 0003 0005 0005 0004 0004 0006 0006 0008 0008 0007 0007
3480: 000a 000a 000b 000b 0000 0000 0008 0008 0004 0004 000a 000a 0007 0007 0000 0000
3490: 0003 0003 000c 000c 0004 0004 0007 0007 0005 0005 0004 0004 0004 0004 000a 000a
34a0: 0006 0006 0007 0007 000c 000c 0002 0002 0003 0003 0001 0001 0004 0004 000a 000a
34b0: 0004 0004 0007 0007 0000 0000 0000 0000 0002 0002 0007 0007 0004 0004 0002 0002
34c0: 0002 0002 0003 0003 0005 0005 0005 0005 0005 0005 0009 0009 0003 0003 0002 0002
34d0: 0007 0007 0000 0000 0007 0007 0007 0007 0006 0006 000c 000c 0008 0008 0009 0009
34e0: 0006 0006 0008 0008 0008 0008 0005 0005 0003 0003 0004 0004 0003 0003 0002 0002
34f0: 000a 000a 0002 0002 0001 0001 0003 0003 0000 0000 0007 0007 000b 000b 000b 000b
3500: 0004 0004 0003 0003 0002 0002 0004 0004 0007 0007 0006 0006 0003 0003 000b 000b
3510: 0008 0008 0009 0009 0001 0001 000a 000a 000b 000b 0002 0002 0007 0007 0003 0003
3520: 0006 0006 0001 0001 000a 000a 0009 0009 0002 0002 0002 0002 0003 0003 0002 0002
3530: 0004 0004 0001 0001 0002 0002 0006 0006 0003 0003 0006 0006 0001 0001 0004 0004
3540: 0004 0004 0004 0004 0000 0000 0001 0001 0007 0007 0002 0002 000b 000b 000c 000c
3550: 0000 0000 000b 000b 000c 000c 0002 0002 0002 0002 000c 000c 000b 000b 000a 000a
3560: 0006 0006 0000 0000 000a 000a 0001 0001 0007 0007 0007 0007 0008 0008 0000 0000
3570: 000c 000c 0001 0001 0003 0003 0004 0004 0009 0009 0006 0006 000c 000c 0000 0000
3580: 0000 0000 0004 0004 0007 0007 000b 000b 000c 000c 0001 0001 0000 0000 000a 000a
3590: 0006 0006 0006 0006 0005 0005 0007 0007 0006 0006 0008 0008 0006 0006 000b 000b
35a0: 0009 0009 0006 0006 0000 0000 0009 0009 000c 000c 0009 0009 0009 0009 0002 0002
35b0: 0006 0006 000a 000a 0007 0007 0003 0003 000c 000c 0005 0005 0001 0001 0001 0001
35c0: 000b 000b 0007 0007 0004 0004 0001 0001 0001 0001 000b 000b 0005 0005 0004 0004
35d0: 000c 000c 0000 0000 000b 000b 0002 0002 000b 000b 0003 0003 0006 0006 000a 000a
35e0: 0008 0008 0005 0005 000b 000b 0004 0004 0008 0008 0000 0000 0001 0001 000b 000b
35f0: 000b 000b 0004 0004 000a 000a 0005 0005 0004 0004 0006 0006 0001 0001 000b 000b
3600: 000a 000a 0007 0007 0001 0001 0001 0001 000c 000c 0009 0009 000c 000c 0001 0001
3610: 0007 0007 0004 0004 0001 0001 0008 0008 0000 0000 0006 0006 000b 000b 0007 0007
3620: 0004 0004 000a 000a 0009 0009 000c 000c 0007 0007 0005 0005 000b 000b 0000 0000
3630: 0006 0006 0009 0009 0007 0007 0001 0001 0003 0003 0000 0000 000c 000c 0009 0009
3640: 0007 0007 000c 000c 0004 0004 0002 0002 000a 000a 0007 0007 0000 0000 0003 0003
3650: 000a 000a 0008 0008 0006 0006 000b 000b 0009 0009 0004 0004 000c 000c 0004 0004
3660: 0007 0007 0003 0003 0000 0000 0002 0002 0006 0006 0001 0001 000c 000c 000c 000c
3670: 000c 000c 0000 0000 000a 000a 0005 0005 0009 0009 000b 000b 0005 0005 0000 0000
3680: 0009 0009 0001 0001 0006 0006 0006 0006 000b 000b 0002 0002 0003 0003 0009 0009
3690: 000c 000c 000a 000a 0001 0001 0004 0004 0000 0000 000a 000a 000b 000b 0006 0006
36a0: 0002 0002 0003 0003 0004 0004 0006 0006 0003 0003 000a 000a 0003 0003 0003 0003
36b0: 0005 0005 000a 000a 0004 0004 0008 0008 0003 0003 000a 000a 0003 0003 0001 0001
36c0: 0009 0009 0009 0009 000a 000a 0003 0003 0007 0007 0002 0002 000b 000b 0009 0009
36d0: 000b 000b 0004 0004 0004 0004 0000 0000 000b 000b 000b 000b 0006 0006 0009 0009
36e0: 0005 0005 000b 000b 0008 0008 0000 0000 0005 0005 0002 0002 000c 000c 0005 0005
36f0: 0005 0005 000a 000a 0007 0007 0005 0005 0004 0004 0006 0006 0009 0009 0009 0009
3700: 0002 0002 000c 000c 0004 0004 0000 0000 000b 000b 0006 0006 0002 0002 000b 000b
3710: 000b 000b 0003 0003 0007 0007 000c 000c 0004 0004 0004 0004 0000 0000 0000 0000
3720: 000c 000c 0009 0009 0004 0004 0002 0002 0003 0003 0003 0003 000b 000b 0000 0000
3730: 000c 000c 0006 0006 0006 0006 000b 000b 0001 0001 0005 0005 000c 000c 0001 0001
3740: 0009 0009 000b 000b 000b 000b 0002 0002 000a 000a 000b 000b 0001 0001 0001 0001
3750: 000c 000c 000a 000a 0002 0002 0003 0003 000c 000c 0007 0007 0000 0000 0001 0001
3760: 0000 0000 0009 0009 0004 0004 0003 0003 0004 0004 0009 0009 0005 0005 000c 000c
3770: 0000 0000 0001 0001 0002 0002 0004 0004 0008 0008 000b 000b 0003 0003 0006 0006
3780: 0008 0008 000c 000c 0009 0009 0005 0005 0007 0007 0006 0006 000c 000c 0005 0005
3790: 000b 000b 0001 0001 0002 0002 0007 0007 0009 0009 000c 000c 0003 0003 000c 000c
37a0: 0008 0008 0004 0004 0003 0003 0006 0006 0007 0007 0008 0008 0004 0004 0000 0000
37b0: 000c 000c 0008 0008 0009 0009 0006 0006 0006 0006 0001 0001 0004 0004 0001 0001
37c0: 0005 0005 000b 000b 0008 0008 000b 000b 0009 0009 0004 0004 000a 000a 0009 0009
37d0: 0000 0000 0001 0001 0001 0001 000b 000b 0004 0004 0007 0007 0005 0005 0001 0001
37e0: 000a 000a 0008 0008 0004 0004 0002 0002 000b 000b 0008 0008 0009 0009 0004 0004
37f0: 0004 0004 0003 0003 000a 000a 000c 000c 0002 0002 0009 0009 0003 0003 0002 0002
3800: 0006 0006 0002 0002 0001 0001 0008 0008 0004 0004 0000 0000 0009 0009 000c 000c
3810: 0002 0002 0002 0002 000c 000c 0003 0003 0008 0008 0002 0002 0009 0009 0000 0000
3820: 0005 0005 0009 0009 0000 0000 0001 0001 000b 000b 0001 0001 000c 000c 000a 000a
3830: 0006 0006 000a 000a 0003 0003 0004 0004 000c 000c 0009 0009 000c 000c 000c 000c
3840: 0006 0006 0003 0003 0002 0002 0002 0002 0006 0006 000b 000b 0000 0000 0001 0001
3850: 000c 000c 0002 0002 0002 0002 0006 0006 0000 0000 0008 0008 000a 000a 0004 0004
3860: 0004 0004 0006 0006 0007 0007 0006 0006 0005 0005 0001 0001 0000 0000 000c 000c
3870: 0002 0002 0008 0008 0006 0006 0005 0005 0002 0002 0004 0004 0001 0001 0007 0007
3880: 000c 000c 0007 0007 000c 000c 0009 0009 0004 0004 000b 000b 0007 0007 000b 000b
3890: 000c 000c 0002 0002 0005 0005 0000 0000 000c 000c 0004 0004 0002 0002 0009 0009
38a0: 0009 0009 0006 0006 0005 0005 000c 000c 0009 0009 0002 0002 0004 0004 0009 0009
38b0: 0007 0007 0008 0008 0003 0003 0001 0001 0004 0004 0007 0007 0001 0001 000b 000b
38c0: 0009 0009 0001 0001 0006 0006 000a 000a 0006 0006 0006 0006 0009 0009 0007 0007
38d0: 0000 0000 0002 0002 0000 0000 0005 0005 000b 000b 000a 000a 000c 000c 0000 0000
38e0: 000b 000b 000c 000c 0004 0004 0007 0007 000c 000c 0007 0007 0001 0001 000a 000a
38f0: 0001 0001 0005 0005 0000 0000 000b 000b 0005 0005 0005 0005 0005 0005 0000 0000
3900: 0006 0006 0000 0000 0000 0000 0002 0002 0007 0007 0007 0007 0007 0007 0006 0006
3910: 0003 0003 000a 000a 0006 0006 000a 000a 0005 0005 0003 0003 0000 0000 0004 0004
3920: 0009 0009 0007 0007 0007 0007 000a 000a 000c 000c 000a 000a 0002 0002 0005 0005
3930: 0002 0002 0004 0004 0009 0009 0004 0004 0004 0004 0000 0000 000a 000a 0006 0006
3940: 0005 0005 0000 0000 0003 0003 0008 0008 0002 0002 0004 0004 0000 0000 0002 0002
3950: 0002 0002 000b 000b 000c 000c 0006 0006 0000 0000 0009 0009 0000 0000 0008 0008
3960: 000b 000b 0002 0002 0000 0000 0002 0002 0004 0004 0009 0009 000b 000b 0002 0002
3970: 000a 000a 0007 0007 0008 0008 0004 0004 0008 0008 0007 0007 000c 000c 0009 0009
3980: 0003 0003 0002 0002 0000 0000 0007 0007 0003 0003 0003 0003 0005 0005 0002 0002
3990: 0008 0008 000a 000a 000b 000b 0001 0001 000a 000a 0002 0002 000c 000c 0000 0000
39a0: 0006 0006 000c 000c 0004 0004 0008 0008 000c 000c 0001 0001 0001 0001 0006 0006
39b0: 0005 0005 0004 0004 0001 0001 0007 0007 0002 0002 0006 0006 0002 0002 0009 0009
39c0: 0002 0002 0003 0003 0000 0000 0008 0008 0005 0005 0000 0000 000b 000b 0000 0000
39d0: 0001 0001 0001 0001 000a 000a 0004 0004 0000 0000 0003 0003 000c 000c 0002 0002
39e0: 000b 000b 0007 0007 0002 0002 0003 0003 000b 000b 0004 0004 000c 000c 000a 000a
39f0: 0006 0006 000b 000b 000c 000c 0005 0005 000a 000a 0009 0009 000c 000c 000b 000b
3a00: 0009 0009 000a 000a 0003 0003 0001 0001 0003 0003 0008 0008 0007 0007 0006 0006
3a10: 0008 0008 0001 0001 0004 0004 0001 0001 0008 0008 0009 0009 0006 0006 0002 0002
3a20: 0002 0002 000a 000a 0000 0000 0004 0004 000a 000a 0006 0006 0004 0004 000c 000c
3a30: 0004 0004 0001 0001 0007 0007 0004 0004 0008 0008 0005 0005 0002 0002 0002 0002
3a40: 0001 0001 0006 0006 0005 0005 0005 0005 0007 0007 000c 000c 000a 000a 0001 0001
3a50: 000b 000b 0008 0008 0006 0006 0000 0000 0005 0005 000b 000b 000c 000c 0008 0008
3a60: 0002 0002 0001 0001 0004 0004 0006 0006 0009 0009 0001 0001 0005 0005 0008 0008
3a70: 0004 0004 0003 0003 000a 000a 0000 0000 000c 000c 0004 0004 0001 0001 0004 0004
3a80: 000a 000a 0009 0009 0008 0008 0001 0001 0001 0001 0005 0005 0001 0001 0008 0008
3a90: 0003 0003 0001 0001 000a 000a 0005 0005 0004 0004 0004 0004 000c 000c 0002 0002
3aa0: 000c 000c 0002 0002 0009 0009 0008 0008 0005 0005 0006 0006 0008 0008 000a 000a
3ab0: 000c 000c 0004 0004 0006 0006 0004 0004 0002 0002 0000 0000 0002 0002 000b 000b
3ac0: 0000 0000 0006 0006 0003 0003 0004 0004 0009 0009 0008 0008 0006 0006 0007 0007
3ad0: 0002 0002 0008 0008 0004 0004 000b 000b 0006 0006 0004 0004 0008 0008 0006 0006
3ae0: 0008 0008 0003 0003 0006 0006 0004 0004 0006 0006 0000 0000 0001 0001 0004 0004
3af0: 0008 0008 000b 000b 000b 000b 000b 000b 0008 0008 0004 0004 0002 0002 0002 0002
3b00: 0003 0003 0008 0008 0007 0007 0007 0007 0006 0006 0002 0002 0006 0006 0003 0003
3b10: 0001 0001 0004 0004 0005 0005 000b 000b 0006 0006 000b 000b 000c 000c 000c 000c
3b20: 0001 0001 0000 0000 0005 0005 0000 0000 0001 0001 0006 0006 0008 0008 0008 0008
3b30: 000c 000c 000a 000a 000c 000c 0005 0005 0000 0000 0000 0000 0005 0005 0009 0009
3b40: 0000 0000 0007 0007 000a 000a 000c 000c 0001 0001 0002 0002 0000 0000 000a 000a
3b50: 000c 000c 0006 0006 0005 0005 000b 000b 0007 0007 0007 0007 0000 0000 0009 0009
3b60: 0002 0002 0003 0003 0000 0000 0006 0006 0009 0009 0000 0000 0006 0006 000a 000a
3b70: 0001 0001 0007 0007 0000 0000 000a 000a 000b 000b 000b 000b 0009 0009 0003 0003
3b80: 0002 0002 0001 0001 000a 000a 0003 0003 0007 0007 000a 000a 000c 000c 0004 0004
3b90: 0003 0003 0001 0001 0007 0007 0003 0003 0001 0001 000a 000a 0005 0005 0004 0004
3ba0: 000b 000b 0006 0006 0004 0004 0002 0002 0001 0001 000b 000b 000a 000a 0009 0009
3bb0: 000c 000c 000b 000b 0003 0003 0003 0003 0003 0003 0001 0001 000a 000a 0000 0000
3bc0: 0001 0001 0008 0008 0007 0007 0007 0007 0002 0002 0002 0002 000a 000a 0007 0007
3bd0: 0002 0002 0000 0000 0001 0001 0004 0004 0000 0000 0006 0006 0002 0002 0006 0006
3be0: 0008 0008 000a 000a 0007 0007 0006 0006 000a 000a 0000 0000 0006 0006 0001 0001
3bf0: 0007 0007 0008 0008 0009 0009 0008 0008 0004 0004 0002 0002 0003 0003 0004 0004
3c00: 0003 0003 0000 0000 0002 0002 0007 0007 0000 0000 0000 0000 000b 000b 0005 0005
3c10: 0007 0007 0001 0001 000c 000c 0001 0001 000b 000b 000b 000b 0005 0005 0005 0005
3c20: 0008 0008 000c 000c 000c 000c 0006 0006 0000 0000 000b 000b 0003 0003 0001 0001
3c30: 0007 0007 0008 0008 0005 0005 0002 0002 0003 0003 0004 0004 0009 0009 0002 0002
3c40: 0005 0005 0002 0002 0009 0009 0009 0009 000c 000c 0001 0001 000c 000c 000a 000a
3c50: 000c 000c 0000 0000 0003 0003 0005 0005 0002 0002 0003 0003 0005 0005 0003 0003
3c60: 000a 000a 000a 000a 0009 0009 0001 0001 0008 0008 0009 0009 0006 0006 000c 000c
3c70: 000b 000b 000b 000b 0002 0002 0005 0005 0009 0009 0001 0001 0003 0003 0008 0008
3c80: 0008 0008 0004 0004 000b 000b 000b 000b 0008 0008 0000 0000 000a 000a 0006 0006
3c90: 0007 0007 0009 0009 0005 0005 0004 0004 000c 000c 0002 0002 0001 0001 0007 0007
3ca0: 0001 0001 0005 0005 0006 0006 0001 0001 0000 0000 0009 0009 0005 0005 000b 000b
3cb0: 0009 0009 0000 0000 000a 000a 000b 000b 0007 0007 0009 0009 0001 0001 000b 000b
3cc0: 000a 000a 000b 000b 0004 0004 000a 000a 0000 0000 0009 0009 0001 0001 0002 0002
3cd0: 0007 0007 0003 0003 0002 0002 0009 0009 0000 0000 0000 0000 0001 0001 0007 0007
3ce0: 0007 0007 0007 0007 000b 000b 0009 0009 0009 0009 000a 000a 0001 0001 0005 0005
3cf0: 0002 0002 0009 0009 0002 0002 0007 0007 0005 0005 0008 0008 0009 0009 0000 0000
3d00: 000a 000a 0003 0003 0003 0003 0005 0005 0002 0002 0009 0009 0007 0007 0003 0003
3d10: 0003 0003 0008 0008 000b 000b 0008 0008 0002 0002 0006 0006 0002 0002 0000 0000
3d20: 000b 000b 000c 000c 0005 0005 0003 0003 000a 000a 0007 0007 0002 0002 0006 0006
3d30: 000a 000a 0006 0006 0007 0007 000c 000c 0001 0001 0008 0008 000a 000a 0007 0007
3d40: 0009 0009 0002 0002 000c 000c 0006 0006 0009 0009 0006 0006 000c 000c 0004 0004
3d50: 0008 0008 0003 0003 0004 0004 0005 0005 0003 0003 0009 0009 0005 0005 0007 0007
3d60: 0008 0008 0003 0003 000a 000a 0004 0004 0004 0004 0005 0005 0005 0005 0000 0000
3d70: 000a 000a 000c 000c 0002 0002 0004 0004 0008 0008 0008 0008 000a 000a 0004 0004
3d80: 000a 000a 0003 0003 000a 000a 0007 0007 0000 0000 000c 000c 0002 0002 000a 000a
3d90: 0009 0009 0005 0005 000a 000a 0008 0008 000b 000b 0004 0004 0006 0006 000c 000c
3da0: 0006 0006 0006 0006 0001 0001 0004 0004 0007 0007 0005 0005 0007 0007 0001 0001
3db0: 0008 0008 0004 0004 0009 0009 000c 000c 0008 0008 0002 0002 0007 0007 0009 0009
3dc0: 0006 0006 0005 0005 0002 0002 000b 000b 0009 0009 0007 0007 0002 0002 0008 0008
3dd0: 0000 0000 000a 000a 000c 000c 0002 0002 0009 0009 0000 0000 000b 000b 0003 0003
3de0: 000c 000c 000c 000c 0007 0007 0003 0003 0007 0007 0002 0002 000b 000b 000a 000a
3df0: 0008 0008 0005 0005 0007 0007 000b 000b 0000 0000 0000 0000 000a 000a 0005 0005
3e00: 000a 000a 0008 0008 0006 0006 0002 0002 0001 0001 0009 0009 000c 000c 0003 0003
3e10: 0001 0001 0003 0003 0001 0001 0006 0006 0007 0007 0000 0000 0004 0004 0005 0005
3e20: 0003 0003 0001 0001 0002 0002 000a 000a 0007 0007 0005 0005 0009 0009 0002 0002
3e30: 0000 0000 0000 0000 0006 0006 000c 000c 0006 0006 0003 0003 0000 0000 000a 000a
3e40: 0002 0002 0003 0003 0007 0007 0004 0004 0004 0004 000c 000c 0003 0003 000c 000c
3e50: 0000 0000 0007 0007 0004 0004 0009 0009 0009 0009 000b 000b 0008 0008 0003 0003
3e60: 0005 0005 0000 0000 0001 0001 0004 0004 0001 0001 0006 0006 0005 0005 0005 0005
3e70: 0009 0009 0009 0009 0005 0005 000c 000c 000a 000a 000a 000a 0003 0003 0003 0003
3e80: 000b 000b 0008 0008 000c 000c 0008 0008 0005 0005 0005 0005 0008 0008 0003 0003
3e90: 0007 0007 0006 0006 000b 000b 0009 0009 000b 000b 000b 000b 0002 0002 0002 0002
3ea0: 0003 0003 0009 0009 000c 000c 000a 000a 000b 000b 0006 0006 000c 000c 000b 000b
3eb0: 0002 0002 000b 000b 0007 0007 0005 0005 000b 000b 0007 0007 0006 0006 0007 0007
3ec0: 0000 0000 0008 0008 000c 000c 0000 0000 0006 0006 0009 0009 0007 0007 000a 000a
3ed0: 0002 0002 0008 0008 0000 0000 000c 000c 0001 0001 0000 0000 0005 0005 0009 0009
3ee0: 0000 0000 0004 0004 000a 000a 0004 0004 0004 0004 0004 0004 0007 0007 0001 0001
3ef0: 0005 0005 0008 0008 0001 0001 0009 0009 0002 0002 0004 0004 0009 0009 0002 0002
3f00: 0007 0007 000b 000b 0008 0008 0003 0003 0009 0009 0001 0001 000a 000a 000b 000b
3f10: 0004 0004 0003 0003 0006 0006 0000 0000 000a 000a 0009 0009 0006 0006 0008 0008
3f20: 0004 0004 0001 0001 0007 0007 0009 0009 000c 000c 0009 0009 0005 0005 0006 0006
3f30: 0000 0000 000a 000a 0009 0009 0005 0005 0001 0001 000c 000c 000b 000b 0002 0002
3f40: 0004 0004 0004 0004 000c 000c 0006 0006 0000 0000 0005 0005 000c 000c 0006 0006
3f50: 0001 0001 0005 0005 0006 0006 0001 0001 0007 0007 0000 0000 0003 0003 0009 0009
3f60: 0003 0003 0009 0009 0008 0008 000c 000c 000a 000a 0000 0000 0005 0005 0008 0008
3f70: 0005 0005 0001 0001 000a 000a 0004 0004 0000 0000 000c 000c 0009 0009 0004 0004
3f80: 0005 0005 0006 0006 0007 0007 0006 0006 000c 000c 000a 000a 0006 0006 0000 0000
3f90: 0000 0000 0003 0003 0007 0007 0003 0003 0007 0007 000a 000a 000c 000c 0003 0003
3fa0: 0008 0008 0002 0002 0008 0008 0000 0000 0004 0004 0002 0002 0000 0000 0005 0005
3fb0: 0009 0009 0003 0003 0001 0001 0003 0003 000a 000a 0003 0003 0004 0004 0007 0007
3fc0: 000a 000a 0002 0002 000c 000c 000a 000a 0007 0007 0004 0004 000a 000a 0000 0000
3fd0: 000c 000c 0008 0008 0004 0004 000c 000c 0000 0000 0009 0009 0001 0001 0004 0004
3fe0: 0007 0007 0006 0006 000a 000a 000a 000a 0007 0007 0003 0003 0006 0006 0002 0002
3ff0: 0003 0003 0000 0000 0003 0003 0007 0007 000b 000b 0001 0001 000b 000b 000c 000c